1
447 528
1 442 7180
442 310 56481
310 440 31298
442 55 79964
1 152 21290
440 168 77820
442 44 73523
168 377 10559
44 239 10181
239 296 31685
239 193 76664
1 335 81942
310 300 34128
55 138 24374
335 5 45466
44 323 46615
44 220 52350
296 306 94339
377 415 88196
168 422 4736
5 118 16864
377 402 43597
323 173 9795
138 320 89158
377 8 58185
310 298 55764
173 235 74585
118 132 88067
402 228 49231
193 127 26515
138 58 91979
239 369 72762
228 73 99347
8 191 23276
415 35 52725
422 346 20636
132 119 17447
138 107 26247
35 348 31195
306 383 43980
173 11 74284
58 231 7858
138 397 25921
335 353 24763
44 390 48583
335 21 71386
397 376 87729
228 52 932
5 258 82077
235 338 75924
402 174 22019
239 219 98940
132 420 19520
323 40 31813
152 431 4450
55 166 94057
402 350 3928
338 327 79034
369 180 82123
353 319 69510
193 178 21901
350 67 74102
300 261 42271
5 157 21247
118 190 13729
219 77 11348
383 271 41883
377 366 31176
138 38 53946
323 133 89429
133 45 75155
58 234 44581
133 264 97286
52 199 17427
369 272 85695
45 26 62220
73 198 88813
118 7 73423
422 196 79503
397 257 87241
348 356 49347
271 387 1521
119 277 2532
306 53 85218
21 34 33333
198 49 23333
306 315 79274
34 374 53613
38 149 2367
374 137 61397
296 79 39474
73 328 40619
315 293 35498
53 200 98097
45 28 61865
353 68 49226
58 305 9444
228 265 20099
305 446 96753
127 428 79741
377 421 9527
55 88 88259
133 299 40674
348 249 23164
79 117 5686
300 399 26368
399 208 85383
180 438 10850
320 65 16143
328 148 64885
34 292 98090
235 297 65489
53 411 66405
58 304 621
327 4 50706
68 120 16090
320 355 23954
421 313 29980
399 142 86054
313 89 42672
38 351 7728
77 29 25527
264 51 99642
350 150 43225
21 253 23623
292 375 61506
53 105 8802
5 83 49418
1 281 97957
21 185 21907
234 345 45511
421 181 7483
305 433 10165
44 75 86184
199 76 30647
345 206 15850
105 250 28903
191 84 32381
152 396 43051
178 99 45045
313 430 97266
1 290 41140
132 98 26885
264 177 80022
353 395 58113
35 282 77591
353 283 12463
133 352 98418
5 203 23922
219 207 98516
166 184 57441
353 18 31649
152 136 40395
402 408 57082
442 429 91225
353 425 80369
328 187 34939
355 169 16378
83 285 46139
429 130 32895
421 256 38284
300 287 91649
348 57 40378
264 382 48449
68 409 94184
67 259 87376
277 318 80650
152 213 23086
431 417 19756
249 151 40053
298 63 84483
169 244 33373
429 427 97544
429 326 11367
220 236 13395
185 91 55656
44 400 5309
177 158 42209
338 412 70425
199 96 29230
390 128 57077
348 216 27865
49 129 77230
158 331 97471
181 241 1298
107 341 68454
253 337 94191
76 437 36237
119 47 84832
1 135 40329
28 224 69131
206 25 39467
320 153 48329
142 171 25860
213 112 4267
415 240 42512
18 407 13235
99 393 84917
65 248 81950
5 406 49343
376 414 41321
26 238 82784
338 432 82715
415 311 38864
355 74 94150
265 302 12461
38 357 10872
382 225 15811
199 362 54670
89 64 81296
63 31 45040
338 309 11746
258 434 25513
187 39 38622
399 30 25568
417 227 26810
18 141 7075
429 389 36110
265 155 63046
369 280 8258
130 388 76439
323 156 48529
129 274 47725
68 435 24767
345 179 74388
272 125 51991
428 94 83631
292 291 87623
77 122 53259
96 97 81932
196 358 36965
234 237 94579
184 86 64715
408 294 36031
362 175 49795
331 163 75216
356 419 48492
30 14 60666
296 295 91026
74 232 19513
156 233 41961
261 210 52418
346 92 47610
337 50 67473
296 398 91039
130 195 89529
84 170 10635
11 172 14465
271 372 25638
7 386 73680
356 27 22723
120 160 18428
338 182 22208
241 6 86799
283 2 59547
281 12 96596
387 336 55141
219 37 43177
434 201 570
389 134 8400
118 252 41460
446 447 53886
225 349 19330
182 221 6174
83 3 89916
38 223 69124
415 147 97741
179 41 54759
293 246 29789
86 441 88767
77 325 74271
376 303 88102
319 80 41184
171 314 21880
313 301 71926
219 317 48574
201 209 11408
372 385 82560
31 330 63038
294 289 53398
395 24 72592
37 439 2112
55 10 71825
156 186 94799
6 403 5262
362 205 31371
210 342 7746
326 423 60403
439 269 90899
14 268 24667
271 410 85154
406 15 32358
375 267 78552
352 90 20835
57 254 54883
337 373 84820
372 82 89959
177 32 52624
1 384 39578
125 56 36099
216 214 57742
201 413 30201
390 443 40552
303 202 15277
119 9 68432
268 436 12478
282 189 63850
181 321 96192
171 100 95037
186 116 43239
349 286 49589
125 17 67628
47 110 45351
311 36 37765
358 363 78779
291 164 50612
415 401 69136
158 95 2876
341 218 27366
11 101 76386
89 143 27543
25 183 12519
173 62 8744
437 66 22446
38 416 33354
96 13 79978
26 230 23617
193 316 39664
345 279 48953
377 365 79547
413 144 92114
98 87 6694
75 16 9747
16 262 32666
58 78 21970
41 368 94530
256 215 61495
353 104 2171
416 324 90721
36 333 72883
369 192 45410
353 217 56661
57 278 56863
231 222 90760
420 212 94426
237 359 35641
52 243 57723
432 188 63561
155 255 54868
183 418 1441
331 263 56298
363 70 98762
164 370 13959
443 284 81393
355 108 37560
210 106 63664
190 344 61371
331 380 61176
292 102 19679
274 103 10323
200 85 40722
402 361 11793
40 43 17017
187 445 66820
257 33 60810
317 114 55338
291 247 61350
384 245 22304
86 121 57509
252 72 68422
175 126 11538
25 426 2918
150 54 25083
380 81 68400
152 266 10029
74 140 19508
403 391 20392
271 176 84103
428 275 99420
299 288 75260
40 165 85543
155 93 55717
158 270 90373
288 276 15854
402 360 37110
330 444 27932
35 59 79517
64 19 14832
133 124 5460
396 371 99196
160 60 25154
216 307 62533
268 167 27340
291 340 58522
317 329 45705
328 229 4501
184 322 30212
255 251 23406
216 161 43156
398 48 87720
55 139 91827
246 61 54693
44 20 90637
57 379 33261
380 394 23093
248 197 17017
34 339 52768
353 146 59836
223 154 1119
180 42 68539
206 308 35095
240 162 3014
108 367 40608
65 392 41820
212 381 18867
225 111 94069
224 204 69751
365 273 98383
262 242 8900
388 334 91562
68 145 13930
418 424 50405
256 123 54095
387 109 57621
383 22 25279
266 364 99799
155 404 78473
271 343 55490
141 354 23204
238 226 21628
425 347 59561
419 131 15030
145 23 76321
129 260 66549
399 115 48291
107 46 15765
313 69 83565
147 194 17410
443 159 75600
207 211 1035
335 332 2301
143 71 27047
222 113 4048
12 378 42908
201 312 68866
186 405 39266
447 109 53328
52 6 54968
293 214 54001
305 241 78579
303 434 46530
271 206 67930
201 368 45335
170 279 16976
4 142 41903
25 208 86965
91 149 16774
274 337 20375
42 119 42454
72 145 56329
255 171 58355
291 265 18366
280 342 87710
270 125 51027
118 128 84914
365 420 52352
124 199 66791
178 324 68478
119 357 69762
165 132 58742
51 199 85865
350 141 88414
358 186 2140
41 409 6264
314 122 47673
106 121 87357
293 396 45530
385 135 1000
300 218 42325
269 417 99530
355 197 79578
390 31 5206
395 130 67459
364 76 41264
50 91 22181
207 100 25713
290 119 28229
251 200 55306
304 301 62440
161 170 87034
432 277 11634
301 287 20794
225 238 5400
421 88 99343
8 243 71820
57 372 90313
2 9 51695
402 396 38610
149 328 75143
24 198 37808
419 240 13703
307 261 61007
359 110 26221
23 215 15843
420 183 83622
395 405 73893
12 248 19551
244 247 29151
48 228 91244
334 66 61875
23 400 28680
437 34 87173
419 402 83432
429 120 12491
282 15 28436
317 253 21964
254 176 38203
76 175 56664
296 98 77269
400 268 642
291 347 60050
225 312 5254
147 32 37787
121 204 65449
259 17 4597
269 291 9606
417 259 72113
324 388 72643
64567 47255 26802 78270 24613 53022 10464 8235 43266 30014 53737 34509 8241 82417 38033 8024 94907 66468 29988 49461 39484 23608 50103 99533 28862 87889 81333 49810 13847 53445 22452 78413 17052 49253 73034 58016 18626 83497 82602 78243 29863 36339 12751 54455 18755 50783 62478 13661 33602 92465 79473 89437 16073 45927 88969 61286 50168 86653 11095 64014 40098 49898 42426 73501 15502 15460 31516 34127 15308 30470 12369 61522 66808 41471 15976 85562 8605 94806 15574 58558 3622 95046 47995 36046 57325 53315 97331 7492 39968 8425 71505 80065 74674 13930 69917 90175 45741 1432 40653 77401 31901 53021 38922 15060 10843 71250 16973 19447 82407 32546 94357 86028 43944 42351 22074 1268 95665 19404 8759 35632 44181 96615 32048 18854 26896 1964 25381 72637 3396 66033 66389 51648 35406 21662 66708 46248 9263 83680 82047 91669 32578 76403 77697 92873 18753 99770 10492 30769 35525 35602 66401 96057 32216 98448 31263 59111 16764 56643 48099 20159 39027 30839 88158 74432 52501 71217 20680 61763 71249 19078 69784 3826 95480 47480 13050 30584 63601 23541 61352 15477 59142 44104 11534 7709 58904 42796 83171 75667 15790 47622 12177 54816 78460 16686 29248 47312 87903 66279 9075 59151 85356 95210 79328 97187 42689 92377 44122 22641 32269 21825 38117 7762 65929 49650 15470 41184 8797 14992 16850 24586 62613 45378 95754 41073 62063 25001 88384 49965 7631 13810 25467 9338 9019 4794 6524 68059 13522 50645 90699 45790 72469 28816 53551 54749 94817 85372 95932 3614 364 29133 44551 62976 90862 40304 20400 52925 81656 25136 19241 89286 38945 44708 98623 64316 65853 21498 48726 79375 72142 39425 41516 60963 84592 95067 15711 79408 96790 27995 83021 97153 73479 43924 60129 64341 84227 80528 17265 65883 5663 52857 71520 60960 13916 86495 41627 79769 7992 90352 75495 96486 46128 33362 57448 30719 28428 89510 10127 41570 33856 9499 38722 7335 53422 98850 88027 54001 95730 5291 19883 17744 74499 7754 95055 88415 94248 53033 84535 2240 43385 76381 98725 5864 9742 72524 36583 54522 62033 63061 96091 12241 72559 34812 19575 42333 50014 7601 96333 62095 29243 32567 96190 20093 40320 91245 8507 34568 44277 93041 53159 4013 69421 68235 9877 79163 40758 62811 50036 19142 25871 46126 31382 14781 80937 67308 57113 30950 91260 69797 93044 36854 2363 89234 56947 59035 96830 65453 9954 57458 74846 63112 77823 60618 47698 4051 56132 4807 66861 6167 23948 9083 52292 71682 40215 33229 38989 97328 80530 46601 83476 89926 83454 2191 95511 40400 61225 8692 5853 71178 66149 97050 50641 60323 57667 98338 64373 13799 19496 47585 19965 43443 56667 88609 31476 96882 21837 86817 10561 18718 33417 10388 8643 16870 12578 4153 73622 73802 12844
