1
500 1000
1 2 100000
2 3 100000
3 4 100000
4 5 100000
5 6 100000
6 7 100000
7 8 100000
8 9 100000
9 10 100000
10 11 100000
11 12 100000
12 13 100000
13 14 100000
14 15 100000
15 16 100000
16 17 100000
17 18 100000
18 19 100000
19 20 100000
20 21 100000
21 22 100000
22 23 100000
23 24 100000
24 25 100000
25 26 100000
26 27 100000
27 28 100000
28 29 100000
29 30 100000
30 31 100000
31 32 100000
32 33 100000
33 34 100000
34 35 100000
35 36 100000
36 37 100000
37 38 100000
38 39 100000
39 40 100000
40 41 100000
41 42 100000
42 43 100000
43 44 100000
44 45 100000
45 46 100000
46 47 100000
47 48 100000
48 49 100000
49 50 100000
50 51 100000
51 52 100000
52 53 100000
53 54 100000
54 55 100000
55 56 100000
56 57 100000
57 58 100000
58 59 100000
59 60 100000
60 61 100000
61 62 100000
62 63 100000
63 64 100000
64 65 100000
65 66 100000
66 67 100000
67 68 100000
68 69 100000
69 70 100000
70 71 100000
71 72 100000
72 73 100000
73 74 100000
74 75 100000
75 76 100000
76 77 100000
77 78 100000
78 79 100000
79 80 100000
80 81 100000
81 82 100000
82 83 100000
83 84 100000
84 85 100000
85 86 100000
86 87 100000
87 88 100000
88 89 100000
89 90 100000
90 91 100000
91 92 100000
92 93 100000
93 94 100000
94 95 100000
95 96 100000
96 97 100000
97 98 100000
98 99 100000
99 100 100000
100 101 100000
101 102 100000
102 103 100000
103 104 100000
104 105 100000
105 106 100000
106 107 100000
107 108 100000
108 109 100000
109 110 100000
110 111 100000
111 112 100000
112 113 100000
113 114 100000
114 115 100000
115 116 100000
116 117 100000
117 118 100000
118 119 100000
119 120 100000
120 121 100000
121 122 100000
122 123 100000
123 124 100000
124 125 100000
125 126 100000
126 127 100000
127 128 100000
128 129 100000
129 130 100000
130 131 100000
131 132 100000
132 133 100000
133 134 100000
134 135 100000
135 136 100000
136 137 100000
137 138 100000
138 139 100000
139 140 100000
140 141 100000
141 142 100000
142 143 100000
143 144 100000
144 145 100000
145 146 100000
146 147 100000
147 148 100000
148 149 100000
149 150 100000
150 151 100000
151 152 100000
152 153 100000
153 154 100000
154 155 100000
155 156 100000
156 157 100000
157 158 100000
158 159 100000
159 160 100000
160 161 100000
161 162 100000
162 163 100000
163 164 100000
164 165 100000
165 166 100000
166 167 100000
167 168 100000
168 169 100000
169 170 100000
170 171 100000
171 172 100000
172 173 100000
173 174 100000
174 175 100000
175 176 100000
176 177 100000
177 178 100000
178 179 100000
179 180 100000
180 181 100000
181 182 100000
182 183 100000
183 184 100000
184 185 100000
185 186 100000
186 187 100000
187 188 100000
188 189 100000
189 190 100000
190 191 100000
191 192 100000
192 193 100000
193 194 100000
194 195 100000
195 196 100000
196 197 100000
197 198 100000
198 199 100000
199 200 100000
200 201 100000
201 202 100000
202 203 100000
203 204 100000
204 205 100000
205 206 100000
206 207 100000
207 208 100000
208 209 100000
209 210 100000
210 211 100000
211 212 100000
212 213 100000
213 214 100000
214 215 100000
215 216 100000
216 217 100000
217 218 100000
218 219 100000
219 220 100000
220 221 100000
221 222 100000
222 223 100000
223 224 100000
224 225 100000
225 226 100000
226 227 100000
227 228 100000
228 229 100000
229 230 100000
230 231 100000
231 232 100000
232 233 100000
233 234 100000
234 235 100000
235 236 100000
236 237 100000
237 238 100000
238 239 100000
239 240 100000
240 241 100000
241 242 100000
242 243 100000
243 244 100000
244 245 100000
245 246 100000
246 247 100000
247 248 100000
248 249 100000
249 250 100000
250 251 100000
251 252 100000
252 253 100000
253 254 100000
254 255 100000
255 256 100000
256 257 100000
257 258 100000
258 259 100000
259 260 100000
260 261 100000
261 262 100000
262 263 100000
263 264 100000
264 265 100000
265 266 100000
266 267 100000
267 268 100000
268 269 100000
269 270 100000
270 271 100000
271 272 100000
272 273 100000
273 274 100000
274 275 100000
275 276 100000
276 277 100000
277 278 100000
278 279 100000
279 280 100000
280 281 100000
281 282 100000
282 283 100000
283 284 100000
284 285 100000
285 286 100000
286 287 100000
287 288 100000
288 289 100000
289 290 100000
290 291 100000
291 292 100000
292 293 100000
293 294 100000
294 295 100000
295 296 100000
296 297 100000
297 298 100000
298 299 100000
299 300 100000
300 301 100000
301 302 100000
302 303 100000
303 304 100000
304 305 100000
305 306 100000
306 307 100000
307 308 100000
308 309 100000
309 310 100000
310 311 100000
311 312 100000
312 313 100000
313 314 100000
314 315 100000
315 316 100000
316 317 100000
317 318 100000
318 319 100000
319 320 100000
320 321 100000
321 322 100000
322 323 100000
323 324 100000
324 325 100000
325 326 100000
326 327 100000
327 328 100000
328 329 100000
329 330 100000
330 331 100000
331 332 100000
332 333 100000
333 334 100000
334 335 100000
335 336 100000
336 337 100000
337 338 100000
338 339 100000
339 340 100000
340 341 100000
341 342 100000
342 343 100000
343 344 100000
344 345 100000
345 346 100000
346 347 100000
347 348 100000
348 349 100000
349 350 100000
350 351 100000
351 352 100000
352 353 100000
353 354 100000
354 355 100000
355 356 100000
356 357 100000
357 358 100000
358 359 100000
359 360 100000
360 361 100000
361 362 100000
362 363 100000
363 364 100000
364 365 100000
365 366 100000
366 367 100000
367 368 100000
368 369 100000
369 370 100000
370 371 100000
371 372 100000
372 373 100000
373 374 100000
374 375 100000
375 376 100000
376 377 100000
377 378 100000
378 379 100000
379 380 100000
380 381 100000
381 382 100000
382 383 100000
383 384 100000
384 385 100000
385 386 100000
386 387 100000
387 388 100000
388 389 100000
389 390 100000
390 391 100000
391 392 100000
392 393 100000
393 394 100000
394 395 100000
395 396 100000
396 397 100000
397 398 100000
398 399 100000
399 400 100000
400 401 100000
401 402 100000
402 403 100000
403 404 100000
404 405 100000
405 406 100000
406 407 100000
407 408 100000
408 409 100000
409 410 100000
410 411 100000
411 412 100000
412 413 100000
413 414 100000
414 415 100000
415 416 100000
416 417 100000
417 418 100000
418 419 100000
419 420 100000
420 421 100000
421 422 100000
422 423 100000
423 424 100000
424 425 100000
425 426 100000
426 427 100000
427 428 100000
428 429 100000
429 430 100000
430 431 100000
431 432 100000
432 433 100000
433 434 100000
434 435 100000
435 436 100000
436 437 100000
437 438 100000
438 439 100000
439 440 100000
440 441 100000
441 442 100000
442 443 100000
443 444 100000
444 445 100000
445 446 100000
446 447 100000
447 448 100000
448 449 100000
449 450 100000
450 451 100000
451 452 100000
452 453 100000
453 454 100000
454 455 100000
455 456 100000
456 457 100000
457 458 100000
458 459 100000
459 460 100000
460 461 100000
461 462 100000
462 463 100000
463 464 100000
464 465 100000
465 466 100000
466 467 100000
467 468 100000
468 469 100000
469 470 100000
470 471 100000
471 472 100000
472 473 100000
473 474 100000
474 475 100000
475 476 100000
476 477 100000
477 478 100000
478 479 100000
479 480 100000
480 481 100000
481 482 100000
482 483 100000
483 484 100000
484 485 100000
485 486 100000
486 487 100000
487 488 100000
488 489 100000
489 490 100000
490 491 100000
491 492 100000
492 493 100000
493 494 100000
494 495 100000
495 496 100000
496 497 100000
497 498 100000
498 499 100000
499 500 100000
1 2 100000
1 2 100000
1 2 100000
1 2 100000
1 2 100000
1 2 100000
1 2 100000
1 2 100000
1 2 100000
1 2 100000
1 2 100000
1 2 100000
1 2 100000
1 2 100000
1 2 100000
1 2 100000
1 2 100000
1 2 100000
1 2 100000
1 2 100000
1 2 100000
1 2 100000
1 2 100000
1 2 100000
1 2 100000
1 2 100000
1 2 100000
1 2 100000
1 2 100000
1 2 100000
1 2 100000
1 2 100000
1 2 100000
1 2 100000
1 2 100000
1 2 100000
1 2 100000
1 2 100000
1 2 100000
1 2 100000
1 2 100000
1 2 100000
1 2 100000
1 2 100000
1 2 100000
1 2 100000
1 2 100000
1 2 100000
1 2 100000
1 2 100000
1 2 100000
1 2 100000
1 2 100000
1 2 100000
1 2 100000
1 2 100000
1 2 100000
1 2 100000
1 2 100000
1 2 100000
1 2 100000
1 2 100000
1 2 100000
1 2 100000
1 2 100000
1 2 100000
1 2 100000
1 2 100000
1 2 100000
1 2 100000
1 2 100000
1 2 100000
1 2 100000
1 2 100000
1 2 100000
1 2 100000
1 2 100000
1 2 100000
1 2 100000
1 2 100000
1 2 100000
1 2 100000
1 2 100000
1 2 100000
1 2 100000
1 2 100000
1 2 100000
1 2 100000
1 2 100000
1 2 100000
1 2 100000
1 2 100000
1 2 100000
1 2 100000
1 2 100000
1 2 100000
1 2 100000
1 2 100000
1 2 100000
1 2 100000
1 2 100000
1 2 100000
1 2 100000
1 2 100000
1 2 100000
1 2 100000
1 2 100000
1 2 100000
1 2 100000
1 2 100000
1 2 100000
1 2 100000
1 2 100000
1 2 100000
1 2 100000
1 2 100000
1 2 100000
1 2 100000
1 2 100000
1 2 100000
1 2 100000
1 2 100000
1 2 100000
1 2 100000
1 2 100000
1 2 100000
1 2 100000
1 2 100000
1 2 100000
1 2 100000
1 2 100000
1 2 100000
1 2 100000
1 2 100000
1 2 100000
1 2 100000
1 2 100000
1 2 100000
1 2 100000
1 2 100000
1 2 100000
1 2 100000
1 2 100000
1 2 100000
1 2 100000
1 2 100000
1 2 100000
1 2 100000
1 2 100000
1 2 100000
1 2 100000
1 2 100000
1 2 100000
1 2 100000
1 2 100000
1 2 100000
1 2 100000
1 2 100000
1 2 100000
1 2 100000
1 2 100000
1 2 100000
1 2 100000
1 2 100000
1 2 100000
1 2 100000
1 2 100000
1 2 100000
1 2 100000
1 2 100000
1 2 100000
1 2 100000
1 2 100000
1 2 100000
1 2 100000
1 2 100000
1 2 100000
1 2 100000
1 2 100000
1 2 100000
1 2 100000
1 2 100000
1 2 100000
1 2 100000
1 2 100000
1 2 100000
1 2 100000
1 2 100000
1 2 100000
1 2 100000
1 2 100000
1 2 100000
1 2 100000
1 2 100000
1 2 100000
1 2 100000
1 2 100000
1 2 100000
1 2 100000
1 2 100000
1 2 100000
1 2 100000
1 2 100000
1 2 100000
1 2 100000
1 2 100000
1 2 100000
1 2 100000
1 2 100000
1 2 100000
1 2 100000
1 2 100000
1 2 100000
1 2 100000
1 2 100000
1 2 100000
1 2 100000
1 2 100000
1 2 100000
1 2 100000
1 2 100000
1 2 100000
1 2 100000
1 2 100000
1 2 100000
1 2 100000
1 2 100000
1 2 100000
1 2 100000
1 2 100000
1 2 100000
1 2 100000
1 2 100000
1 2 100000
1 2 100000
1 2 100000
1 2 100000
1 2 100000
1 2 100000
1 2 100000
1 2 100000
1 2 100000
1 2 100000
1 2 100000
1 2 100000
1 2 100000
1 2 100000
1 2 100000
1 2 100000
1 2 100000
1 2 100000
1 2 100000
1 2 100000
1 2 100000
1 2 100000
1 2 100000
1 2 100000
1 2 100000
1 2 100000
1 2 100000
1 2 100000
1 2 100000
1 2 100000
1 2 100000
1 2 100000
1 2 100000
1 2 100000
1 2 100000
1 2 100000
1 2 100000
1 2 100000
1 2 100000
1 2 100000
1 2 100000
1 2 100000
1 2 100000
1 2 100000
1 2 100000
1 2 100000
1 2 100000
1 2 100000
1 2 100000
1 2 100000
1 2 100000
1 2 100000
1 2 100000
1 2 100000
1 2 100000
1 2 100000
1 2 100000
1 2 100000
1 2 100000
1 2 100000
1 2 100000
1 2 100000
1 2 100000
1 2 100000
1 2 100000
1 2 100000
1 2 100000
1 2 100000
1 2 100000
1 2 100000
1 2 100000
1 2 100000
1 2 100000
1 2 100000
1 2 100000
1 2 100000
1 2 100000
1 2 100000
1 2 100000
1 2 100000
1 2 100000
1 2 100000
1 2 100000
1 2 100000
1 2 100000
1 2 100000
1 2 100000
1 2 100000
1 2 100000
1 2 100000
1 2 100000
1 2 100000
1 2 100000
1 2 100000
1 2 100000
1 2 100000
1 2 100000
1 2 100000
1 2 100000
1 2 100000
1 2 100000
1 2 100000
1 2 100000
1 2 100000
1 2 100000
1 2 100000
1 2 100000
1 2 100000
1 2 100000
1 2 100000
1 2 100000
1 2 100000
1 2 100000
1 2 100000
1 2 100000
1 2 100000
1 2 100000
1 2 100000
1 2 100000
1 2 100000
1 2 100000
1 2 100000
1 2 100000
1 2 100000
1 2 100000
1 2 100000
1 2 100000
1 2 100000
1 2 100000
1 2 100000
1 2 100000
1 2 100000
1 2 100000
1 2 100000
1 2 100000
1 2 100000
1 2 100000
1 2 100000
1 2 100000
1 2 100000
1 2 100000
1 2 100000
1 2 100000
1 2 100000
1 2 100000
1 2 100000
1 2 100000
1 2 100000
1 2 100000
1 2 100000
1 2 100000
1 2 100000
1 2 100000
1 2 100000
1 2 100000
1 2 100000
1 2 100000
1 2 100000
1 2 100000
1 2 100000
1 2 100000
1 2 100000
1 2 100000
1 2 100000
1 2 100000
1 2 100000
1 2 100000
1 2 100000
1 2 100000
1 2 100000
1 2 100000
1 2 100000
1 2 100000
1 2 100000
1 2 100000
1 2 100000
1 2 100000
1 2 100000
1 2 100000
1 2 100000
1 2 100000
1 2 100000
1 2 100000
1 2 100000
1 2 100000
1 2 100000
1 2 100000
1 2 100000
1 2 100000
1 2 100000
1 2 100000
1 2 100000
1 2 100000
1 2 100000
1 2 100000
1 2 100000
1 2 100000
1 2 100000
1 2 100000
1 2 100000
1 2 100000
1 2 100000
1 2 100000
1 2 100000
1 2 100000
1 2 100000
1 2 100000
1 2 100000
1 2 100000
1 2 100000
1 2 100000
1 2 100000
1 2 100000
1 2 100000
1 2 100000
1 2 100000
1 2 100000
1 2 100000
1 2 100000
1 2 100000
1 2 100000
1 2 100000
1 2 100000
1 2 100000
1 2 100000
1 2 100000
1 2 100000
1 2 100000
1 2 100000
1 2 100000
1 2 100000
1 2 100000
1 2 100000
1 2 100000
1 2 100000
1 2 100000
1 2 100000
1 2 100000
1 2 100000
1 2 100000
1 2 100000
1 2 100000
1 2 100000
1 2 100000
1 2 100000
1 2 100000
1 2 100000
1 2 100000
1 2 100000
1 2 100000
1 2 100000
1 2 100000
1 2 100000
1 2 100000
1 2 100000
1 2 100000
1 2 100000
1 2 100000
1 2 100000
1 2 100000
1 2 100000
1 2 100000
1 2 100000
1 2 100000
1 2 100000
1 2 100000
1 2 100000
1 2 100000
1000 1000 1000 1000 1000 1000 1000 1000 1000 1000 1000 1000 1000 1000 1000 1000 1000 1000 1000 1000 1000 1000 1000 1000 1000 1000 1000 1000 1000 1000 1000 1000 1000 1000 1000 1000 1000 1000 1000 1000 1000 1000 1000 1000 1000 1000 1000 1000 1000 1000 1000 1000 1000 1000 1000 1000 1000 1000 1000 1000 1000 1000 1000 1000 1000 1000 1000 1000 1000 1000 1000 1000 1000 1000 1000 1000 1000 1000 1000 1000 1000 1000 1000 1000 1000 1000 1000 1000 1000 1000 1000 1000 1000 1000 1000 1000 1000 1000 1000 1000 1000 1000 1000 1000 1000 1000 1000 1000 1000 1000 1000 1000 1000 1000 1000 1000 1000 1000 1000 1000 1000 1000 1000 1000 1000 1000 1000 1000 1000 1000 1000 1000 1000 1000 1000 1000 1000 1000 1000 1000 1000 1000 1000 1000 1000 1000 1000 1000 1000 1000 1000 1000 1000 1000 1000 1000 1000 1000 1000 1000 1000 1000 1000 1000 1000 1000 1000 1000 1000 1000 1000 1000 1000 1000 1000 1000 1000 1000 1000 1000 1000 1000 1000 1000 1000 1000 1000 1000 1000 1000 1000 1000 1000 1000 1000 1000 1000 1000 1000 1000 1000 1000 1000 1000 1000 1000 1000 1000 1000 1000 1000 1000 1000 1000 1000 1000 1000 1000 1000 1000 1000 1000 1000 1000 1000 1000 1000 1000 1000 1000 1000 1000 1000 1000 1000 1000 1000 1000 1000 1000 1000 1000 1000 1000 1000 1000 1000 1000 1000 1000 1000 1000 1000 1000 1000 1000 1000 1000 1000 1000 1000 1000 1000 1000 1000 1000 1000 1000 1000 1000 1000 1000 1000 1000 1000 1000 1000 1000 1000 1000 1000 1000 1000 1000 1000 1000 1000 1000 1000 1000 1000 1000 1000 1000 1000 1000 1000 1000 1000 1000 1000 1000 1000 1000 1000 1000 1000 1000 1000 1000 1000 1000 1000 1000 1000 1000 1000 1000 1000 1000 1000 1000 1000 1000 1000 1000 1000 1000 1000 1000 1000 1000 1000 1000 1000 1000 1000 1000 1000 1000 1000 1000 1000 1000 1000 1000 1000 1000 1000 1000 1000 1000 1000 1000 1000 1000 1000 1000 1000 1000 1000 1000 1000 1000 1000 1000 1000 1000 1000 1000 1000 1000 1000 1000 1000 1000 1000 1000 1000 1000 1000 1000 1000 1000 1000 1000 1000 1000 1000 1000 1000 1000 1000 1000 1000 1000 1000 1000 1000 1000 1000 1000 1000 1000 1000 1000 1000 1000 1000 1000 1000 1000 1000 1000 1000 1000 1000 1000 1000 1000 1000 1000 1000 1000 1000 1000 1000 1000 1000 1000 1000 1000 1000 1000 1000 1000 1000 1000 1000 1000 1000 1000 1000 1000 1000 1000 1000 1000 1000 1000 1000 1000 1000 1000 1000 1000 1000 1000 1000 1000 1000 1000 1000 1000 1000 1000 1000 1000 1000 1000 1000 1000 1000 1000 1000 1000 1000 1000 1000 1000 1000 1000 1000 1000 1000 1000 1000 1000 1000 1000 1000 1000 1000 1000 1000 1000 1000 1000 1000 1000
