1
43 200
68684 42211 77265 4152 63866 55006 84039 72979 78761 9911 61955 87259 41332 30211 76643 90548 17411 53385 89072 72061 61066 14101 59625 14110 25483 93234 40708 37334 91893 3995 79944 24513 83745 93678 6213 45829 4432 90862 55114 17643 14391 81422 8935 
2 3 23683
1 27 27
1 7 22
2 10 42382
1 21 37
1 3 33
2 7 64122
2 15 11517
2 28 33112
1 18 22
2 10 6772
2 23 93179
2 7 96921
2 4 20516
1 35 40
2 8 10713
1 15 40
1 15 35
1 7 22
1 1 40
2 21 42377
2 12 99073
1 7 33
2 25 94892
2 3 17852
1 3 39
1 12 16
1 37 42
2 16 70330
2 34 58683
2 25 54150
1 7 19
1 2 33
1 3 43
1 30 38
2 14 86121
1 10 23
1 8 32
2 12 6539
1 18 34
1 28 37
1 38 38
2 34 36016
2 3 45948
1 31 33
2 37 55698
1 25 27
1 8 42
1 5 16
2 29 26996
1 13 40
1 9 12
1 17 37
1 13 15
1 13 21
1 15 16
1 31 33
1 14 21
1 2 3
2 11 92798
1 14 42
1 14 29
1 1 19
2 12 34615
2 41 69277
1 2 41
2 2 86794
2 21 19671
2 35 59964
1 16 18
1 5 24
2 5 56155
2 42 42416
1 16 23
1 7 24
2 20 89726
2 37 37682
2 27 99547
1 11 16
2 19 40587
2 36 4462
1 3 4
1 10 32
1 12 34
1 22 35
2 10 93581
2 34 24105
2 25 34661
1 26 28
2 3 17874
2 14 13686
1 9 17
2 9 50925
1 14 31
1 9 16
2 21 37973
2 5 59026
1 27 36
2 29 91280
1 25 33
1 2 5
1 25 31
1 20 31
2 8 7745
1 26 34
1 2 39
1 13 34
2 6 16179
2 31 53735
2 40 97298
2 19 44219
2 35 90043
2 15 53825
1 21 32
1 8 9
2 6 98164
1 3 16
1 29 30
1 12 31
1 16 16
2 16 38243
1 28 29
2 6 35779
1 16 39
1 6 26
1 17 28
1 15 25
2 1 48090
2 37 13638
2 27 71689
1 7 7
1 35 42
1 15 18
1 9 39
1 12 28
1 9 31
1 10 30
1 4 41
1 27 32
1 15 24
2 40 17959
2 14 47191
2 35 26019
2 1 43442
2 29 10348
1 11 27
2 14 54883
1 6 12
1 19 24
1 21 32
1 9 10
2 30 19302
2 27 70866
1 20 20
2 3 25784
2 14 5897
2 10 58183
2 21 70731
2 35 72654
1 16 30
1 15 41
1 16 26
1 20 35
2 7 15652
1 31 36
1 2 42
2 13 51839
2 41 83599
1 8 14
1 27 34
1 20 31
1 34 43
2 41 10333
1 17 38
1 13 16
1 1 40
1 9 23
1 12 23
1 26 37
2 38 88670
2 23 84113
2 39 9432
1 17 24
2 8 32395
2 31 56200
1 8 19
2 42 20670
1 1 18
2 36 47819
1 2 10
1 4 14
1 2 6
1 13 39
1 5 25
1 3 21
2 29 3332
2 34 98799
1 7 9
2 30 4992
1 14 26
