1 10 10 4000
86 93 78 1023 83 80 81 84 85 79
-1
1 100 10 100000
29 61 93 60 76 15 86 54 8 26 16 49 10 34 48 12 35 22 74 78 68 2 58 9 59 81 18 23 17 88 28 95 87 30 55 99 94 98 57 4 27 39 1023 89 51 92 38 44 75 83 11 64 25 41 85 52 91 80 19 84 50 6 3 14 36 70 66 24 37 47 79 63 46 33 62 69 71 5 97 42 32 2 31 43 82 5 96 90 1 40 13 73 20 53 65 56 72 67 21 7 
-1
0 4 4 1000
4 3 2 1
-1
0 8 4 1000
4 3 1 2 6 98 3 2
-1

7 6 5 8 4 3 2 1
1 10 10 4000
-1
1 10 10 4
1 0 0 3




1 2 3 4 5 6 7 8 9 10 11 12 13 14 15 16 17 18 19 20 21 22 23 24 25 26 27 28 29 30 31 32 33 34 35 36 37 38 39 40 41 42 43 44 45 46 47 48 49 50 51 52 53 54 55 56 57 58 59 60 61 62 63 64 65 66 67 68 69 70 71 72 73 74 75 76 0 78 79 80 81 82 83 84 85 86 87 88 89 90 91 92 93 94 95 96 97 98 99 1023
-1
