58
2 1 265
3 1 936
4 1 682
5 2 87
6 5 787
7 4 676
8 3 901
9 8 170
10 4 875
11 9 420
12 5 588
13 4 739
14 5 966
15 6 156
16 3 215
17 2 37
18 1 666
19 15 166
20 13 6
21 4 917
22 18 936
23 20 108
24 9 767
25 6 368
26 19 678
27 10 324
28 26 907
29 26 630
30 12 417
31 17 641
32 24 2
33 30 814
34 30 354
35 23 14
36 16 934
37 14 502
38 16 873
39 2 408
40 31 591
41 8 985
42 10 267
43 28 884
44 37 74
45 26 397
46 22 2
47 5 825
48 43 418
49 14 23
50 42 320
51 38 481
52 48 670
53 35 826
54 42 296
55 1 885
56 33 360
57 37 857
58 50 233
92
35 30
5 29
47 57
35 3
46 33
8 54
45 45
29 8
54 8
20 43
38 27
7 2
6 51
23 28
36 41
7 12
12 12
32 58
2 1
53 47
33 2
42 11
47 12
10 34
12 29
10 49
55 16
42 52
58 56
13 36
38 20
39 41
23 5
33 24
5 27
4 29
20 45
39 58
48 49
33 51
19 34
41 8
42 17
51 41
14 6
10 44
25 41
26 39
45 58
54 49
18 57
19 30
35 57
29 16
39 54
9 58
29 41
57 12
49 49
53 55
54 54
40 12
36 57
50 22
49 37
12 58
27 22
29 53
13 58
11 51
53 11
50 15
51 40
27 34
31 13
30 26
8 3
30 36
1 13
57 49
50 3
41 10
24 11
5 36
10 7
29 54
17 12
11 1
52 29
34 16
41 55
33 40
