0
-1
1582
616
3657
3549
1582
616
1839
616
1582
911
1839
1839
1713
1713
4128
616
616
1713
1208
1713
3657
1839
2213
1582
1260
1839
1713
5095
2329
1839
616
1208
1839
616
90
616
4436
1839
1839
1713
90
1839
3018
788
1839
1713
1208
1713
616
3018
616
1839
3018
1288
1839
1713
1839
3018
616
616
3018
1713
1839
1713
1582
-1
3018
5760
1839
3321
1713
1713
1839
1713
616
2886
1713
1713
1713
-1
2329
1839
-1
616
1582
1713
-1
-1
1713
1208
1713
3018
3693
6341
2329
1839
1713
1839
1839
8416
1713
3018
1713
616
1713
852
616
1839
2213
3965
1839
1713
4600
-1
2771
1713
3965
1713
1713
3018
1713
3018
3693
1713
4600
1713
1839
3018
6341
3018
1839
1713
1713
1713
1208
3018
1839
1713
1839
2329
616
1839
-1
3018
1839
-1
1713
1713
1582
2329
1713
1839
1713
1582
616
7866
1713
1839
3018
308
2329
5095
1713
3657
2329
1582
8718
1839
616
1713
1713
1713
1839
616
3018
3018
1839
2329
1582
616
616
1839
3018
1208
1839
5676
616
5889
5052
1288
5052
1582
1713
3018
1839
1839
1582
616
3018
3018
1713
1288
1288
616
5095
1839
1288
3018
3549
4600
1839
1839
1713
1839
308
1839
1713
1713
616
1208
1839
1839
1839
1839
616
3693
1839
1582
1582
1713
1713
1713
1839
1713
1839
2768
1839
1713
1582
-1
616
616
1582
1713
1582
1582
-1
2329
3549
1839
3018
1713
3657
1839
1713
-1
3657
1713
1839
1582
616
2329
3657
1839
-1
1839
1839
3965
2329
2771
1713
1582
1713
1839
2329
1839
1839
-1
2771
1839
616
616
1713
1713
5052
2213
3693
3693
1713
6870
1713
1582
3018
616
3549
1839
1208
1582
1839
616
5760
1839
5676
-1
1288
1839
1713
1713
1713
3018
-1
5676
1713
1839
1839
616
1839
616
616
1713
1713
7149
616
1288
616
1582
821
308
1839
2329
3965
-1
1713
1839
1839
1208
616
1839
1839
5804
385
1839
3018
1713
4128
-1
1582
1713
1713
1839
1839
1713
616
1713
1713
1839
1713
1713
2329
1839
1839
2329
911
1713
2329
616
1713
1713
2771
1713
1713
616
8243
1713
2329
3965
1839
5052
-1
616
1713
1713
3018
3657
1713
616
2213
6765
308
3018
1839
1713
1839
1839
1839
616
1288
1980
1713
1713
1208
1839
1839
616
616
616
7712
1713
1582
1208
-1
3018
1208
1582
1208
821
1713
7740
1582
-1
1713
2329
1713
1839
1713
1713
1839
1839
1713
3018
4600
5760
2329
-1
1713
1582
1839
1839
3018
1713
1839
616
-1
1713
616
1839
616
3018
8718
6870
3018
1713
616
3693
1208
1839
3018
1839
