97 96 34264977 81298389 0 24
79 81
13 14
9 23
83 68
16 44
52 79
86 35
14 39
45 29
83 69
28 15
62 24
63 47
64 32
46 2
78 52
16 3
16 80
44 48
9 41
42 82
45 55
71 39
86 65
14 29
59 44
65 37
66 92
34 69
34 48
70 51
66 86
54 45
90 72
45 30
38 72
76 91
46 65
5 92
44 61
68 6
46 94
79 26
33 96
10 51
42 18
8 70
53 43
79 66
42 46
38 63
96 29
17 50
38 50
62 32
56 91
73 13
38 15
75 94
93 24
91 38
2 20
24 72
36 77
40 14
48 49
74 21
89 42
87 24
58 86
35 9
31 2
27 86
95 66
11 71
7 90
84 91
57 77
9 43
22 36
35 29
19 72
69 88
70 1
45 12
28 77
35 70
51 25
85 3
21 73
90 0
15 35
38 49
60 27
79 67
4 30
