822 821 266407625 377716725 373 679
0 1
1 2
2 3
3 4
0 5
3 6
5 7
0 8
8 9
6 10
0 11
4 12
7 13
12 14
13 15
3 16
16 17
12 18
2 19
12 20
4 21
11 22
14 23
21 24
5 25
4 26
22 27
6 28
16 29
16 30
4 31
29 32
11 33
10 34
10 35
29 36
33 37
8 38
32 39
22 40
12 41
26 42
2 43
36 44
7 45
29 46
16 47
19 48
41 49
48 50
40 51
51 52
17 53
8 54
32 55
16 56
8 57
14 58
35 59
42 60
33 61
4 62
53 63
38 64
9 65
7 66
47 67
30 68
59 69
0 70
69 71
66 72
40 73
35 74
2 75
75 76
12 77
11 78
62 79
17 80
54 81
50 82
40 83
0 84
29 85
9 86
15 87
21 88
53 89
58 90
57 91
29 92
85 93
92 94
32 95
39 96
96 97
25 98
52 99
94 100
66 101
21 102
82 103
95 104
96 105
86 106
82 107
24 108
76 109
69 110
103 111
59 112
80 113
31 114
105 115
9 116
53 117
34 118
5 119
57 120
85 121
61 122
40 123
99 124
82 125
121 126
104 127
68 128
58 129
57 130
108 131
118 132
85 133
45 134
20 135
78 136
36 137
24 138
68 139
61 140
36 141
61 142
82 143
72 144
12 145
87 146
103 147
27 148
92 149
128 150
51 151
132 152
13 153
131 154
80 155
150 156
77 157
4 158
110 159
9 160
108 161
13 162
81 163
99 164
56 165
31 166
154 167
89 168
108 169
117 170
40 171
170 172
162 173
4 174
29 175
66 176
102 177
153 178
96 179
66 180
1 181
160 182
83 183
119 184
57 185
143 186
41 187
180 188
132 189
104 190
152 191
187 192
181 193
106 194
7 195
69 196
74 197
81 198
149 199
162 200
37 201
20 202
133 203
0 204
181 205
0 206
143 207
179 208
166 209
126 210
168 211
34 212
15 213
150 214
205 215
196 216
148 217
191 218
33 219
201 220
12 221
59 222
187 223
121 224
55 225
137 226
173 227
167 228
189 229
152 230
111 231
73 232
91 233
14 234
140 235
70 236
230 237
226 238
101 239
134 240
115 241
192 242
204 243
51 244
205 245
6 246
5 247
222 248
67 249
21 250
65 251
129 252
74 253
142 254
13 255
142 256
60 257
20 258
172 259
49 260
160 261
194 262
154 263
156 264
215 265
100 266
5 267
5 268
181 269
27 270
37 271
97 272
28 273
26 274
269 275
136 276
22 277
40 278
65 279
83 280
219 281
248 282
188 283
48 284
147 285
88 286
123 287
133 288
207 289
119 290
41 291
58 292
234 293
209 294
276 295
258 296
57 297
190 298
81 299
214 300
219 301
293 302
40 303
32 304
140 305
138 306
1 307
13 308
170 309
182 310
231 311
117 312
81 313
201 314
214 315
61 316
309 317
74 318
148 319
287 320
232 321
15 322
161 323
213 324
28 325
129 326
82 327
136 328
7 329
267 330
265 331
238 332
148 333
42 334
160 335
241 336
327 337
78 338
79 339
279 340
295 341
291 342
255 343
110 344
153 345
62 346
35 347
26 348
226 349
340 350
150 351
197 352
15 353
187 354
40 355
246 356
117 357
231 358
229 359
318 360
164 361
139 362
109 363
77 364
201 365
103 366
322 367
238 368
36 369
291 370
131 371
87 372
229 373
254 374
185 375
296 376
65 377
185 378
149 379
126 380
260 381
130 382
117 383
243 384
149 385
156 386
365 387
285 388
78 389
382 390
159 391
12 392
7 393
138 394
8 395
93 396
7 397
173 398
58 399
215 400
218 401
107 402
152 403
348 404
237 405
356 406
386 407
107 408
346 409
213 410
105 411
165 412
290 413
234 414
289 415
142 416
169 417
24 418
118 419
400 420
212 421
275 422
289 423
152 424
71 425
129 426
339 427
351 428
370 429
99 430
428 431
61 432
235 433
240 434
154 435
177 436
47 437
289 438
165 439
183 440
21 441
71 442
139 443
274 444
114 445
35 446
294 447
253 448
133 449
148 450
368 451
341 452
60 453
438 454
396 455
399 456
336 457
408 458
273 459
372 460
391 461
272 462
101 463
32 464
165 465
462 466
189 467
70 468
173 469
290 470
158 471
369 472
308 473
447 474
61 475
25 476
86 477
180 478
415 479
221 480
259 481
334 482
338 483
188 484
358 485
277 486
385 487
177 488
261 489
444 490
150 491
226 492
6 493
170 494
448 495
444 496
362 497
154 498
411 499
175 500
421 501
101 502
29 503
73 504
25 505
166 506
354 507
107 508
405 509
243 510
25 511
364 512
25 513
315 514
341 515
335 516
152 517
503 518
64 519
121 520
137 521
129 522
476 523
150 524
354 525
490 526
356 527
3 528
416 529
126 530
304 531
48 532
135 533
224 534
527 535
84 536
190 537
403 538
466 539
490 540
236 541
101 542
122 543
420 544
224 545
528 546
301 547
83 548
514 549
322 550
441 551
412 552
81 553
257 554
531 555
482 556
278 557
439 558
292 559
282 560
516 561
483 562
3 563
217 564
552 565
404 566
11 567
264 568
562 569
498 570
430 571
432 572
83 573
76 574
199 575
303 576
409 577
405 578
409 579
495 580
278 581
367 582
234 583
447 584
117 585
448 586
373 587
452 588
340 589
587 590
382 591
50 592
411 593
370 594
70 595
389 596
217 597
437 598
330 599
118 600
323 601
492 602
502 603
113 604
490 605
562 606
535 607
40 608
155 609
57 610
119 611
442 612
257 613
37 614
134 615
579 616
40 617
435 618
58 619
421 620
301 621
593 622
389 623
438 624
173 625
425 626
608 627
14 628
566 629
562 630
1 631
149 632
227 633
9 634
629 635
307 636
519 637
409 638
498 639
224 640
491 641
401 642
119 643
289 644
180 645
63 646
600 647
168 648
10 649
5 650
424 651
34 652
129 653
61 654
570 655
629 656
449 657
305 658
517 659
468 660
8 661
237 662
522 663
24 664
77 665
260 666
320 667
646 668
338 669
270 670
405 671
118 672
577 673
152 674
27 675
454 676
609 677
445 678
548 679
47 680
263 681
449 682
592 683
122 684
318 685
595 686
362 687
112 688
189 689
642 690
653 691
507 692
296 693
502 694
181 695
181 696
547 697
132 698
233 699
582 700
422 701
458 702
367 703
503 704
362 705
626 706
440 707
411 708
413 709
103 710
136 711
458 712
665 713
395 714
571 715
239 716
704 717
109 718
695 719
632 720
489 721
76 722
485 723
434 724
204 725
415 726
332 727
105 728
53 729
637 730
225 731
699 732
665 733
246 734
597 735
225 736
434 737
216 738
584 739
681 740
500 741
400 742
206 743
447 744
741 745
562 746
588 747
405 748
366 749
246 750
275 751
482 752
481 753
368 754
669 755
513 756
120 757
372 758
620 759
391 760
476 761
592 762
340 763
477 764
97 765
674 766
718 767
399 768
489 769
362 770
118 771
642 772
61 773
350 774
666 775
729 776
143 777
322 778
763 779
542 780
73 781
525 782
343 783
393 784
138 785
537 786
771 787
748 788
232 789
209 790
6 791
216 792
783 793
72 794
303 795
650 796
126 797
442 798
747 799
535 800
376 801
670 802
259 803
415 804
94 805
25 806
636 807
346 808
238 809
301 810
692 811
141 812
262 813
443 814
125 815
11 816
83 817
604 818
20 819
427 820
408 821
