230 669
253 612
632 955
258 554
459 579
469 701
252 599
268 371
56 476
301 782
571 812
147 936
377 964
348 421
816 851
80 88
52 836
468 685
238 358
77 289
48 897
651 989
256 847
22 322
663 803
233 974
120 967
520 930
848 941
51 630
69 108
482 943
166 472
762 830
755 838
118 802
106 735
581 805
713 826
255 375
228 980
946 959
478 700
228 547
209 770
597 877
277 431
749 820
581 596
703 930
47 771
856 857
504 660
216 789
43 837
817 942
623 900
114 674
693 729
220 499
169 901
375 530
546 599
546 630
479 559
248 249
104 957
457 460
115 245
27 952
640 968
120 614
219 233
287 947
278 858
530 797
378 524
59 328
40 421
874 899
473 598
499 906
928 955
43 717
200 743
346 839
62 465
280 452
49 90
326 579
727 947
325 856
250 266
652 671
306 877
255 921
702 772
161 981
726 877
277 375
620 720
33 467
184 918
233 313
243 359
306 558
765 969
571 982
383 985
593 688
862 865
915 942
454 636
362 895
270 331
302 990
457 989
334 525
726 998
85 757
592 666
561 742
431 723
483 813
75 707
852 920
145 291
186 927
81 599
640 929
629 702
42 582
437 915
163 566
265 322
247 856
340 988
768 770
62 250
120 934
676 785
40 967
225 929
245 527
657 884
710 807
388 864
301 752
317 655
463 919
61 991
330 774
400 894
99 813
384 495
171 932
168 323
448 489
733 900
327 556
133 616
266 479
369 873
131 527
37 593
27 445
570 653
404 708
158 815
216 310
500 541
60 480
320 822
508 721
52 834
19 629
246 318
190 849
614 980
650 716
512 924
29 929
434 736
248 332
894 900
434 557
388 399
494 572
353 707
110 293
538 921
480 855
166 681
131 397
12 464
780 935
328 808
761 863
544 547
360 789
269 798
222 548
67 656
119 715
411 419
176 308
8 683
200 515
688 911
330 699
462 726
53 985
200 621
164 813
98 525
895 952
526 793
442 800
592 912
363 866
42 675
357 670
401 536
88 909
446 590
138 172
51 122
576 672
673 741
187 770
265 491
57 664
368 457
208 959
74 369
43 673
467 695
751 867
11 230
28 306
443 601
3 551
126 916
26 589
565 866
130 358
374 407
538 774
98 182
84 550
109 171
944 989
47 803
207 384
57 512
9 411
313 954
221 364
439 741
656 809
305 519
63 786
244 675
425 836
124 272
327 646
380 622
534 634
668 840
77 917
351 680
437 656
800 992
782 877
37 541
197 438
223 907
150 612
249 447
373 927
70 253
18 449
4 874
334 894
251 843
546 970
282 406
273 553
558 781
55 450
170 492
76 646
66 257
578 666
56 504
390 477
108 760
333 926
611 763
226 957
213 547
494 854
305 407
119 862
187 525
311 708
16 308
433 784
713 917
324 450
216 840
675 800
77 599
7 713
585 688
669 900
131 523
394 435
281 864
467 648
310 388
175 755
310 618
187 886
22 988
209 589
360 827
615 777
437 621
476 489
158 205
375 688
32 120
312 474
122 335
130 722
431 656
400 476
14 965
338 637
2 197
180 278
557 892
345 957
445 865
69 820
546 954
108 985
18 582
296 352
426 703
74 485
81 901
237 398
873 915
87 268
70 717
447 978
403 608
322 472
493 848
801 893
38 352
55 138
433 933
759 987
210 832
472 643
84 708
40 998
478 932
1 265
194 712
802 978
114 651
313 625
143 869
181 466
221 603
505 587
345 387
492 597
528 963
591 964
22 630
953 961
459 578
653 954
283 641
106 806
782 934
76 419
236 651
223 608
190 547
576 727
218 243
123 524
114 532
86 553
95 398
506 554
811 975
206 967
11 93
73 378
792 843
794 806
78 765
368 619
95 311
194 906
70 664
28 196
183 465
630 748
605 862
183 189
415 740
155 860
579 750
237 893
42 421
39 850
159 406
468 469
14 500
164 726
83 753
617 711
458 569
431 598
415 780
829 971
477 519
620 688
56 925
476 865
318 903
476 678
308 497
160 297
22 862
296 675
127 737
695 913
546 862
477 960
642 799
512 789
276 828
331 484
104 700
158 422
187 602
249 261
684 897
545 772
798 919
397 841
105 534
80 443
272 966
39 959
70 179
345 823
7 658
27 110
357 537
310 883
484 723
758 922
380 694
650 655
843 847
46 377
303 841
620 808
112 198
181 931
377 753
735 878
256 410
118 844
79 792
427 867
348 562
293 976
393 630
236 943
828 988
130 964
771 828
291 750
32 968
472 696
701 784
430 545
626 956
100 662
440 704
318 617
293 787
532 909
275 851
119 454
82 191
370 584
204 685
523 661
484 716
219 851
536 1000
395 491
408 625
680 942
611 847
296 985
557 904
530 868
759 986
949 983
67 918
622 671
331 954
21 145
166 715
701 871
617 714
339 543
376 485
222 370
18 95
350 559
426 574
231 332
412 566
633 830
303 483
437 452
596 985
150 457
662 680
375 850
392 648
24 65
228 435
597 675
155 804
376 377
607 933
60 696
172 692
6 877
328 994
794 978
275 603
479 936
282 328
663 929
72 727
304 651
513 901
316 677
53 407
691 692
11 104
386 534
263 795
141 539
333 942
470 569
287 949
504 568
166 628
51 848
152 245
702 757
404 730
73 162
116 134
144 853
219 590
366 677
568 852
146 506
252 327
538 714
569 627
255 457
87 656
331 657
159 710
439 562
440 511
573 724
576 979
197 717
165 745
369 914
664 771
267 514
98 579
724 804
147 612
233 330
268 987
426 915
354 696
135 988
63 216
60 194
128 990
506 743
656 872
874 888
427 739
154 876
310 669
816 951
281 921
188 400
315 619
314 614
20 601
235 801
15 860
4 781
523 987
210 509
530 735
97 308
473 603
142 183
486 912
309 832
708 766
20 384
374 985
49 393
849 937
951 980
60 760
398 954
282 814
163 608
56 548
373 471
5 658
866 921
174 490
255 753
124 233
959 990
39 108
44 351
239 682
651 994
299 441
48 74
7 112
12 237
63 707
72 384
249 711
201 993
97 774
358 807
220 797
316 327
1 1 1 1 1 1 1 1 1 1 0 0 1 1 1 0 1 1 1 0 1 0 1 1 0 0 1 1 1 1 0 1 1 1 1 1 1 1 1 0 1 1 1 1 1 1 1 1 1 1 1 1 1 0 1 1 1 1 1 0 1 1 1 1 1 0 1 1 0 1 1 1 0 0 1 1 1 1 1 1 1 1 1 1 0 1 1 1 1 1 0 1 1 0 0 1 0 1 1 1 1 0 1 1 1 1 1 0 1 1 1 1 0 1 0 0 1 1 1 1 1 1 1 1 1 1 0 1 1 1 1 0 1 1 0 0 1 1 0 1 0 0 1 1 1 0 1 1 1 0 1 0 1 1 0 1 1 1 1 1 1 0 1 1 1 1 1 0 1 1 1 0 1 0 1 1 0 1 1 1 0 1 1 1 1 1 1 1 1 1 1 1 1 1 1 1 1 1 1 1 1 1 1 1 1 1 1 1 1 1 0 1 1 1 1 1 1 1 0 1 1 1 0 1 1 1 1 1 1 1 1 1 0 1 1 1 1 1 1 1 1 0 1 1 1 1 1 1 1 1 1 1 1 1 1 0 1 1 1 1 1 1 0 1 1 1 1 1 0 1 1 1 1 1 1 0 1 1 0 1 1 0 0 0 1 1 1 1 1 1 1 1 1 1 1 1 0 1 0 1 1 1 0 1 1 1 1 1 1 0 1 1 1 1 1 1 1 0 1 1 1 1 0 0 1 0 1 1 1 1 1 1 1 1 1 1 1 0 1 1 1 1 0 0 0 1 0 1 1 1 1 0 1 1 1 1 0 1 1 1 1 1 1 0 1 0 1 1 0 0 1 1 1 1 1 0 1 1 1 1 1 1 1 1 1 1 1 1 1 1 1 1 1 1 1 1 1 1 1 1 1 1 0 1 1 1 1 1 1 1 0 1 1 1 1 1 1 1 0 1 0 1 0 1 1 1 1 1 1 1 1 1 1 1 1 0 1 0 1 1 1 0 1 1 1 1 0 1 1 0 1 1 1 1 1 1 1 1 0 1 1 0 0 1 0 1 1 1 0 1 1 1 1 1 1 0 1 1 0 1 1 1 0 1 0 1 0 1 0 1 0 1 1 0 1 1 1 1 1 1 1 1 1 0 1 1 1 1 1 1 0 1 1 1 1 1 0 1 1 1 1 0 1 0 1 1 1 1 1 1 1 1 1 1 1 1 1 1 1 1 1 1 0 1 1 1 1 1 1 1 1 1 0 0 1 1 0 1 1 1 1 1 1 1 1 1 1 1 1 0 1 0 1 1 0 1 1 1 1 1 0 1 1 1 1 1 1 1 1 1 1 1 1 1 1 1 1 1 0 1 1 1 1 1 1 0 0 1 0 1 1 0 1 1 1 1 0 1 1 0 1 1 1 1 1 0 1 1 1 1 1 1 1 1 0 1 1 0 1 1 1 1 0 0 1 1 1 1 1 1 1 1 1 1 1 1 1 1 1 1 1 1 1 1 0 1 1 1 1 