547760838
1487045621
2056081281
2720948322
3590335573
4105352650
5103449874
6079741216
6804948491
7700287808
7934024375
7966110296
8439591757
8518385459
9434815593
9587591367
10423696624
11042060538
11096539210
11245150635
11496593660
12087384581
12180686238
12375316173
13263337472
14097183769
15066269058
15620443979
16159597623
16922780768
17907771033
18513538033
19155411357
19515190967
19522850793
20200057919
21185600713
21281143482
21988719092
22641341885
23053784902
23904918080
24752368974
25464082314
25638776976
26225909383
26518927158
27318530491
27464734290
28155998377
28415325011
28534983288
28590662240
29261125474
29434752081
29647991930
29783100665
29805315596
30252652955
30772455125
31663921678
31879595457
32096175176
33065360951
33181738860
33475151010
34465893322
34533021394
35261469293
35293853189
35882686179
36710341899
37636239609
37821192977
37890870642
38430136358
38663665203
38904951672
39741198796
39839298258
40671496800
41524697694
41631368301
41741336120
42015258378
42527040546
42890888132
43213554002
44184274267
45175792270
45827241513
46447303810
46766695631
47224027562
47573602340
48201103524
48512436746
48753372785
49722891609
50172050401
50887661652
51095035310
52044363690
52113263004
52423902060
52563252111
53354402187
54312669108
54880429226
55367925240
55379702624
55842398937
56391009249
56664850304
56715847973
56741260075
57528349753
57971528083
58436423460
58681854043
59227739428
59258139077
60229256266
61124901904
61283237289
61334868541
62210491077
62847065425
62947599157
63138893179
63397668352
64011613654
64958058065
65270412641
66121532785
66296165227
66624843574
67175648161
67335063322
67848393859
68794270446
68934347573
69520260377
69922303813
70809972530
71476021486
71869700774
72370096421
72832394940
72868825797
72910583635
73866751130
74380736072
74431771271
74586612730
74835782928
74861993679
75663594463
76538671504
77139455336
77516951869
78460734067
78697681401
78725694421
79420354226
79876643317
80615754280
81059707617
81732507296
82394488904
82744229573
83318426569
83666554116
84606384949
85149697866
86123458321
86522961391
86530515090
87442707865
87923960001
88188613537
89077837206
89331364169
89724756147
90053614558
90821273071
90983414337
91144124412
91611014967
91932890847
92361629159
93013857513
93030462032
93728902626
94717439899
94806447041
95728755155
96700366781
97438400254
97810868323
98108792439
98241358370
98717555520
99259871370
99634111148
100557982048
101008461591
101047342427
101162155320
101813558752
102188841433
102490131989
103105002230
103123400832
104094095480
104392535455
104724832142
105703424511
106377266961
107310684620
107365363426
108304052330
108944926850
109107042818
109826586549
110031745815
110067743981
110163693480
110761373445
111727339801
112439691686
112520548389
113300735832
113608806739
114608736698
114850631755
115044772540
115460033566
116424960899
116598913324
117167135882
117176388313
117998707471
118833363785
119154651421
119769186620
120609368281
121440987116
122315521580
122710761064
122932808321
123217876742
123764199529
124454636719
124845842643
125534362262
126049951179
126062369891
126974212944
127746824078
128213593040
128508644725
129484527391
130236918647
130722694047
131624536361
132464424809
133357970118
133681434345
133866734806
134552904938
134842612116
135304916444
135524005125
136177008622
136469291068
137117869830
137621791555
137657357053
138004553675
138149382481
139032630720
139729000836
140163082415
140168270569
140914216571
141537679181
142205448617
142212471095
143000760507
143003737491
143071035524
143300214089
144250368686
145153446176
145527063242
145612360610
146396307852
146727019029
147481367944
148295876918
148358721897
149100845153
149363247818
149468006414
150008498201
150617258910
150904238302
151060574377
151870943825
152272846780
152456970987
153214136500
153784396980
154725165307
155519130551
155747559804
156475049743
157204590984
157580273828
157637157292
158231901638
158677559137
159617038214
160315812727
160606708464
160813858100
160984364388
161503772603
162080449815
162290827724
163200050633
163518352284
163884028308
164587681553
164989385498
164990536614
165331759637
166232609775
166535405407
167450655756
167829396913
168457428999
169423061191
169446841436
169748982730
170475358037
170512987821
170631891626
170824887508
171174494488
171781137315
171919490815
172135797168
172874651210
173871190917
174728243485
174973859419
175507567114
176145567121
176965683069
177282548188
177712616860
178032893038
178420659217
179157611295
179362841477
179690005116
179916259601
180142261740
180227667498
180916898879
181598591984
181912308736
182840436402
183678320562
183716975887
184197014449
184199819148
184937742161
185539938737
186499025217
187465187350
187832997559
187913589802
188680706526
189290573278
189348122329
190193965388
191000829235
191411009808
192116479941
192249155552
192382760474
193210368353
194050584875
194898672120
195180184826
195209134065
195236554270
195488729527
196236614030
196252655944
196853574605
197809721929
198303719072
198501066483
199111944545
199855089398
200137180578
200685021414
201079763258
201168079919
201348688211
201985687585
201989331606
202899422362
203150236236
203225943884
203616758296
204446055048
204799068098
205164459779
205928815802
206362954424
207064991763
207463803427
208027964188
208866725857
209840559981
210375136266
210919275272
211034223415
211982125397
212566225376
212661296952
213009673028
213159633437
213517373628
214133607974
214702163287
215187976955
215217836341
215988547394
216068484669
216939889571
217906858746
218645611343
218831747513
218966356735
219279621526
219303456714
219589439870
219946705651
220409915510
221370799847
221936100882
222146905524
222317474476
222882844777
223711578202
224062004440
224175925986
224590863453
225575574290
225610268357
225749400823
226010170376
226239066875
226289298228
226870794358
226994399526
227977044865
228600760947
228864605190
229184082146
229838260164
229917484855
230704009815
231092523569
231639221810
231724626961
232087169355
233085707488
233333538448
234324144188
234683098433
235130467654
236014913481
236335952625
236524035744
237165772711
237233962638
237977883433
238061601496
238198225577
238734460092
239643345246
240485341761
240742923244
241189774962
241346698957
242030636804
242594287721
242778880896
243510299379
244123759664
244778628132
244873000131
245780030053
246246925570
246536519114
246605707690
247389674439
247689833008
248027330145
248869952139
248966298137
249183123940
249872547677
250553196742
251059788405
251850106556
252168142139
252847595446
253358495733
254237833823
254453561161
254586564894
255496797370
255768450769
256470029918
257342206819
257945040766
258479629590
258888077733
258978128785
259343402838
259450957630
260355211095
261263790318
261687799821
261701067216
261713269726
262291748698
262790011199
263237885236
263641554410
263750179040
263774741829
264676416352
265020540676
265301632863
266104368925
266338388037
266503877392
267261888923
267494566073
268345882584
269193009529
269895660762
270748187967
271693861528
271751709087
272434591101
273304785361
273791319762
274068686134
274320220910
275316160239
276306096922
277015833835
277233660108
277820995321
277893515773
278887776162
279429716065
279649518309
280494947614
280528473656
280892978214
281075425838
281648453618
281964811826
282923171294
283462989570
284345014691
284866459882
285246069940
285840667325
286597332686
287115536696
287228366681
287664047224
287664500755
288392080971
289219792000
290087308902
290984907573
291294948413
291431601273
291724281588
291875909537
292672015705
293253103613
293392454633
293480892754
293867794706
293885245804
294146111406
294349467050
294466334539
295198046669
296137872578
296444954281
296825539778
296885833223
297577704023
298548527388
299195848617
299706077008
300526805052
301423077385
301634482392
302475284559
303430768295
304215670175
304250980127
304636161259
304702970088
305605162469
306059342176
306419311043
306519085501
307434037565
307786913589
308698135476
309417051815
309583956593
310017513386
310160271628
310493247400
310784631826
310981292902
311365225206
311505284629
311985969509
312364219879
312954842138
313452034756
314431254663
314558098754
315312396709
315523325522
315900332331
316810846199
317630042819
317873806795
318078554056
318082700837
318602832183
318631218906
319418462827
320199183213
320522054141
321065908172
321702256739
321756930768
322194212883
322789959012
323394664664
323904913942
324559026702
324559167364
325500458497
326239037393
326482348187
327136075347
327611944224
327762774976
328744791271
329574054039
330287507041
330497045693
331232826634
331335459597
331890509325
332553096942
333088012546
333282385683
333917243093
334832822152
335593050787
336160806967
336308630285
336438514715
336688809545
337534280268
337667267248
338272386855
338765737018
339646708429
339762316197
340595181604
340857625186
341400650025
341654552130
342486560006
342556513247
343142272672
343593344436
344316375451
345127216750
345400883835
346133869159
346152379791
347109739284
347290966020
347476108267
347825957859
348806829417
349282594254
349959960076
350641336354
351485565824
351972375606
352684343130
352826681398
353791897003
354247101887
355049247865
355858614356
356100159775
356346840078
356804946026
357749379486
357961424650
358756869776
359216245071
359320196968
360281674621
360871064844
361068630073
361079446066
361396565221
362244551079
362586357069
363421836638
363847630333
364689317105
364747610628
365143088805
365891972873
366246805221
366958265997
367112683764
367955041893
368454565450
369273527073
369868606623
370578959373
370948486970
371922871870
372574466617
373146536196
373266224056
373468459175
374247234909
374790438489
375579029877
376518395011
376593310186
376630872392
376798251666
377134760903
377488680279
377682696552
378277414959
379024708018
379219413883
379524916480
380307342371
380539217222
381413954952
382281555198
382489092656
382689501899
383590004140
383734996054
383883797973
384674247318
385490034836
385881853885
386164947493
387048948281
387195118379
387204879691
387407262682
388124464660
388793220386
388978012132
389645075784
390539670131
390775627130
390781520390
390882797934
391328052313
391999355958
392536631809
393459968595
393635509145
394051995743
394294670188
394367186949
395229831460
395621051369
395953845855
396530915220
397201897249
397330035514
397661838691
397993034166
398137277685
398979722028
399049906635
399611507375
400004841152
400345530015
400902247061
401607055448
401716295697
401852003372
402564893495
402854730850
403491510503
403648497992
403900721790
404299243393
404454758678
404804623562
405744955175
405877148227
406184827364
406936488894
407007304117
407323916059
407503315054
408092840630
408549758106
409232019586
409313737706
409517951792
410191994135
410330579764
410763781806
411152127691
412063146243
412488439194
412828816095
412989406788
413362382263
414085374955
414433619686
414446837529
414649258055
415262677862
415569411844
416055775788
416744383930
417264641457
417809706060
418461975012
419240545901
419307026564
419455601750
419642219774
420267305666
420484139321
420970046752
421454219411
421588555032
422548530616
422946307023
423078106853
423761371741
423914863593
423969444428
424638266470
425015279259
425720951430
425938174144
426731543605
427595587224
427734473898
428568000509
429243305166
429660499435
430488491226
430882299271
431125270012
431601024077
432346928183
433131196498
433752612852
434257842100
434284705515
435260187686
435381034189
435869239201
435901334706
436156143346
436757442234
437174351967
437512469772
438038986032
438201368853
438397917868
438637140055
439048011975
439687648043
439932930589
439994933121
440095603020
440385443582
440388951510
441014561222
441087278345
441131707088
442033550416
442862310553
443854138530
444364227303
445275850615
445556457376
446062826252
446407458022
446707800063
447675235286
448563035415
449191651801
449430219131
449444583720
450187690888
450978149992
451897893987
452522610875
453521476147
454111435299
454584782529
454676975171
454834950978
455702586702
456520152595
456856986468
457619744053
458404446711
458546135116
459016890199
459842424695
460833532908
461327678532
461930237516
461934016325
461941016555
462227124102
463175891258
463465888963
464434145157
465242690147
465775719694
466305556298
467205238339
467856513151
468332815883
468860195644
469267334105
469569312881
469829077271
470769540909
471300209199
471387985653
472149285763
472915439237
473822832470
474751867565
474905586085
474962636059
475794565634
476686940053
476863505008
477096604491
477713100460
478237308349
478705556250
479286519051
479759269556
479835894711
480502832058
481207846754
481211345993
481446094866
482105212468
483047536402
483596856270
484231355421
484267143715
484413108357
485094638639
485726041701
485747288873
486597077542
487528795812
487990076913
488350811658
489272082374
489670963870
489830942775
490608060129
491137841912
491923313850
492570722334
493033184819
493588788962
494112926184
495017179792
495710838710
495801875276
495917831637
496277420885
497140590250
497660247917
498633096161
498774734084
498992822480
499589698010
500324186385
501213195120
502186250834
502995814179
503341679271
503682959233
504580418273
505041721151
505276919843
505817725109
506505478793
506749809372
506849501642
507121808235
507555778070
507759638596
507914005672
508034473310
508103461993
508173960196
508348272629
508750707151
509076457466
509177361786
509255475295
509532921494
510125196627
510669573016
510902190219
510914919261
511216804578
511699185826
511791501938
512028941788
512949400284
513517018916
514050247949
514646407634
515203027285
516174126478
516993381369
517373722804
517385307216
517684276624
517897938603
518720630555
519079605633
519323126303
519388967729
519979969574
520829651661
521182607566
521368988986
521497760480
522433216324
522850290761
523825631775
524144381701
525112277315
525479974489
526198176190
526542096821
526826027778
527319467302
527457150619
528045653586
528112908781
528639391938
528912277838
529324911910
529642175638
530264376730
530903693641
531497145839
531546840291
532447366911
532758075256
533434412446
534040561321
534402155115
534418437979
534740887465
535162291221
535236474943
536032165238
536285028558
537274096414
537868433740
538243024872
538903066658
539050658427
539873736958
539994686616
540096287846
540872297327
541356354020
542329983100
542649645628
543470297482
544156143240
544472531812
544774006771
545085920178
545858946760
546548594537
546924504060
547490455321
548426296126
549035896494
549070754506
550032970495
550633273909
551321379902
551868069807
552645613250
553605448375
553667294718
554244372941
554440295945
554914408431
555626541740
556224420307
556691922491
557234320091
557862095432
558681977598
559435962738
559825931617
560279473038
560535271005
560838877593
561417389980
561733320467
562110023390
562972622489
563111032955
563593227652
564482870148
565352975471
565573948568
566176906029
566438703940
566940027062
567303383013
568215241943
568839013484
569516837048
570259053921
570951770775
571619425431
572392612991
572644110376
572705639867
573330932150
573526301852
573942246599
574634384281
575292163353
575417428880
575641617182
575963686583
576061567500
576755995627
577744627031
578069245059
578544641162
578886512264
579829290841
580720152150
580750685378
581648424526
582119949690
582278929573
583213876322
583781026330
584261007162
584444681086
585186542305
585952040993
586034328288
586047983014
586053751097
586665621880
587522330025
587900789179
588237399068
588952971028
589788409412
589942501224
590456757664
590527380154
590590550214
591107150070
591629565097
591981465531
592156610264
593059682426
593976004540
594944927454
595094862991
595502209625
596434733402
597301070498
597302067072
597413702451
598075833312
598826409966
599027916180
599308002922
599999928811
600644796925
600826480867
601156600968
601700028813
601751030866
602358668040
603266948666
603914773922
604694613317
604982245769
605744745882
606411513075
606524038839
606993454659
607645551333
607651397881
608522934568
609026588993
609268720698
610031784430
610113739422
610284513928
610671926044
611215210859
611664571492
612210029378
613079152095
613705477208
614182746951
614235809075
614271656579
615225609418
615622533141
616566145762
617424783848
618229694602
618395032449
619127449453
619519666327
619583905394
620180290337
620803899852
621772695590
622604977696
623157689476
623610405442
623972908703
624334565204
624571197201
625428481325
626020112619
626364304188
626408233825
627255229438
627820912559
628631577697
628787103208
629518922205
630196316663
630511693170
630932380509
631339330027
632109190269
632157133987
633133908802
633732879460
634570028571
634836463932
635644996911
636405078184
636576757442
636630874575
636882795342
637110948779
637300913670
638202175379
638979232238
639311499241
639682623612
640412686054
640673746934
640763384122
641633869868
641874113580
642454301457
642496594906
643409066050
643692030776
643960955562
644359875251
644580702885
644815918857
645075421624
645213864706
645964979955
646506228571
647093493603
647610750588
648521620080
649323421126
649580128644
649876053809
650042232723
650415037054
650429450865
651295907466
651580287471
651684946461
651708832288
652004459222
652283681809
652584895195
653561734376
654471287076
655424060063
655574983926
656163076747
656608184641
656728845286
656988316020
657484201742
657934668739
658291661512
658378725103
659072997737
659337997568
659396381520
659564570944
659855487015
660195741435
660883469116
661148110378
661582050190
662515456122
663384344421
664254752341
664975824561
665467508350
666375311858
667331400769
668016277533
668023825785
668655809525
668864870576
668909575125
669170706816
669497441253
669970188687
670747043414
671462358867
672410437408
672725831543
673346089624
674145460724
674785542675
674871514967
675063658718
675233218944
676094773330
676540235668
677249782238
677752193168
678373874326
678721375970
679461275657
679653920786
680248085479
680418999807
680565966846
680630441994
681016798971
681872281794
682720041217
683665730599
683977007010
684094281837
684221426688
684875871867
685219033464
686148585222
686379604710
686410044845
686694631729
687389012808
688317528015
688482905996
689036857186
689883604414
690450615372
690534876433
690944115751
690988719741
691190049361
691319503920
691734150301
692595935461
692908093156
692909414183
693147511484
694027906708
694981651017
695857574176
696112570775
696404946771
697311686945
697475956566
697878459121
698574242370
698845465073
699127835862
700020994723
700138825023
701110503281
702055943907
702895726590
703332443712
703974830583
704107725736
704401866559
704852773196
705116688714
705319930987
705816801716
706528057683
707354040332
707535580353
707585818733
708569081309
708691230107
709137647207
710063762515
710637884368
711466932268
712011198278
712761251030
712819631274
713514397020
713604371394
714139483494
714232425567
714332613943
714663388063
715118043661
715466934200
716418770400
717322543362
717891544437
718032764821
718314434443
718555058524
719151032161
719207371625
719929446818
720682760716
721025588823
721763742941
722491547799
722724016030
722835487423
723527841925
723669709333
724211838956
724212650892
724468387150
724860408284
725691449465
726154558538
726501497238
727142329383
727667706262
728537923484
729358590094
730233026297
730647911458
731252466239
731666164605
731943451590
732940005264
733063336792
734024688010
734265059659
734283799312
734461970329
734471739778
734709908201
735539278651
736054164579
736316473731
737122656696
737123317415
737417581386
738283360937
738467800311
738888296402
739299786488
740285658270
741161012359
741162332124
741786392693
741941293656
742268656394
742492404439
743101189174
743599923554
744519004166
745252295204
746251358921
746420650758
746464126491
746563385890
747016101360
747679969188
747841698784
748159995720
748707575708
749055405880
749214941331
749651872192
750624911886
750634986096
750664539064
751263105248
751485347521
751745982804
752451342550
752726636925
753349300829
753508516142
753695741536
754253447845
754936038411
755043079295
755275837028
755283813252
755434399539
756052809460
756654204592
756787175308
757444852989
757788919492
758142469716
758711162759
759692163388
759995307598
760109575555
760599223779
761459377618
762341219254
762539049197
762768859260
763511404221
763889177130
764617523608
765006623201
765844253848
766498769977
766554594593
767389375175
767677848357
768218735822
769096413288
769744236734
770170843364
770742945935
770813651069
770935982204
771110710000
771280323405
771589397972
771702869481
772232629350
772869316353
773720384494
774103926235
774341553430
775112894193
775391995612
775614136971
776311744371
776449234756
776803940514
777708052851
778225030009
778690747276
778985622561
779088444981
779381082934
779890591177
780257561752
780370000889
781145991175
781937369341
782416923169
782596207832
783594705914
783609383972
784587887923
785383083965
785402352388
785841825060
786814220392
787643513664
787984381110
788667096159
789628951166
789940220019
790189208727
790802795254
791796211022
792298106046
793267218746
793850537488
793907332614
794082727056
794743494062
795196101316
795643564286
795909108733
796279842102
796352019579
797010466776
797254436950
797709312786
798513502766
798745166188
799201678079
799231962750
799301045914
800008154635
800876751869
801728243255
801766726906
802099797032
802947339251
803509935200
803945284351
804098727456
804928011723
805769871203
806666308499
806877234058
807308091293
807838421821
808711023501
809102083966
809847125909
810678404381
810822259394
811493247726
811926533364
812649517859
813023407131
813252014662
813735024616
814052777240
814753887500
815742090477
816601869036
817346293180
818088272945
818322951531
818930354370
819287619811
820038497580
820492088656
821210016236
822067314439
822603584289
823108438074
823338576672
823816834422
824436087419
825316202569
826066801601
826979892154
827141453594
828020089960
828282517666
829201632299
829797904952
830416307695
831387669363
832201064285
832528914411
832744499672
833294350675
834082727015
834613977018
835349883150
835431905384
836398724515
836729151758
837367745005
838186239821
838937158033
839067951460
839906855198
840099917915
840163715340
840908003597
840917770253
841909216377
842604472029
842928516291
843068030577
843547788454
844044882859
844427769443
845320741160
845479854697
846476920611
846936703673
847578547214
847947028725
848654400829
848933884503
849851378288
850562445817
851314895047
851796938410
851921745699
852517141182
853268787957
853620364492
853775412470
854343719666
854473907374
854568088330
855191318957
855511485633
856187409476
856828829671
857241855088
857289575721
857325617278
858285018259
858689967463
858757107940
859176958952
859459180875
859708287667
860328714759
860843860660
861124400710
861656376744
862125826135
862314036265
862515486507
862810502963
863374353405
864119582458
864126613662
864484343228
864951593560
865374451634
865856664079
866080786364
866211916973
866291393751
867127936189
867197368663
868171234422
868924052150
869682841534
870493798190
871304929546
871967713799
872350928622
873122519969
873811844917
874230309965
874259225541
874568841882
875255663772
876121758916
876676457309
877472192281
878420705332
878448209250
879435944248
879660758024
880184768551
880493782278
881108847159
881788862003
882320040378
882770668647
883414228327
884224784273
884272064310
884418863071
884509844473
884552548041
884853050876
885535592471
886511314167
886594521224
886764895909
887066377843
887693499197
887823977024
887872107589
888616288927
888700537269
889226018479
889295181989
889778617504
890234896619
890807637668
891378676365
891814305648
891881235078
892000670071
892331867970
892404115552
892460531915
893102209470
894026900164
894584295843
895483884826
896291378532
897161099711
897183329856
897707687060
898303010098
899132586000
899299872314
899418256298
900322894324
900379072701
901232226099
902071051808
902108661345
902977251415
903729907524
904213069696
904948745685
905289490676
906127161359
906748851053
907378473069
908333681540
909200171691
909449267810
909541879612
910164759514
910406404416
911338712909
911462575771
911480122248
911664498280
912334085067
912599207978
913355452661
913649547130
914346023035
915095683884
916075175126
916353768119
917126176633
918000158354
918684007748
919455969835
919953618033
920066537787
920957502074
921617448877
921640726805
921655217337
922310176578
922362721410
923186981113
923382071033
924225498172
924319293837
924797924539
925103209989
925762990104
926731780942
927337832784
928144678908
928587362799
929569465981
930557398488
931404746913
931615917046
931783463072
931966455987
932346775658
932740283285
933618969299
933731595700
934387788571
934977946386
935044212752
935539631608
936333319778
936859386359
937621174820
938451893822
939290282825
940215061008
941041170343
941494333261
942350964624
942805583110
942877612768
943784245968
944613418125
945239163492
946147413410
946286521739
946307003673
947273814279
947312146691
948007917181
948319888133
948534239760
948652308210
949634986779
949890448921
950669318867
950856108450
951083984486
951187965443
952039805983
952753797283
953321457140
953612611284
954601364902
955444313975
956381360475
956692824282
957216306177
957371430439
958117314319
958158037223
958629576367
959494785376
960051796495
960109310404
960836605993
960930231503
961534127869
961853270636
961918576800
962261080361
962293038380
962881071850
963740903756
964477628711
964876336104
965177523609
966115499483
966593870394
967531267916
967748842145
968035701792
968421104116
969199742374
969780920566
970184575164
970889085516
970969471237
971340335280
971576676557
971603277820
971901149290
971976439573
972328532857
972779112255
973418414256
974350460339
974942993886
974956167243
975074483013
975466231648
975679972005
976290153953
977138995676
977666052988
977727985638
978458895934
979050100606
979257537257
979700216795
979975639385
980864148128
980867672150
980881946191
981018527408
981859745804
982802372575
983441124265
984120800078
984171023181
984457264998
984674795937
984688847416
984781388323
984854565572
985334400194
985806982564
985874532638
986685432096
986940234155
987758668598
988217452066
988382965067
988505941512
988836521563
989101223831
989151790787
990012903558
990114679225
990796337097
991114932165
991693073282
992144932047
992646665225
992872683350
992904618630
993824887962
994086777817
994601730449
995429785035
995689921865
996066490668
996538732845
997178576102
998058764857
998555823451
998816782619
999458455828
999950194468
1000665186839
1000894787023
1001715423655
1002216790450
1003200467135
1003241620165
1003869922447
1004101731279
1004385793285
1004583876307
1004606608518
1005594860128
1006428717560
1006443752763
1007103004362
1007203487978
1007892272448
1007967967628
1008352648924
1008560710332
1009306785378
1010146494839
1010370623531
1011287033078
1012217266749
1012309300162
1012989865766
1013709207096
1013938132778
1014070419900
1014381638369
1014559198121
1015172669784
1015793765358
1016668559520
1017383984603
1018343615932
1018441158130
1018742344698
1018890005289
1019874309724
1019945216107
1020711016865
1020847458273
1021797052100
1022274949040
1022837461693
1023518674763
1024277036800
1024488140892
1024858186671
1025486162450
1025732462295
1026042200611
1026480819827
1026650344607
1027033655672
1027771007638
1028294167684
1028991579519
1029104468406
1029113043644
1030068620375
1030943498612
1031353647699
1031487263137
1032142803048
1032555432183
1033189899033
1033693366677
1033855438716
1034280750550
1035028566403
1035987963881
1036947017081
1037482153122
1038086604943
1038340413203
1038982434746
1039932639372
1040902152506
1041463304328
1041636839124
1041796183023
1042536194935
1042935783817
1043211829037
1044176328373
1044686863308
1045621074125
1045624134977
1046363672301
1047194969971
1048193070683
1048791970715
1049676108173
1050150141682
1050613520430
1051313599955
1052086951220
1052155303094
1053086603225
1053542704938
1054101675223
1054404508244
1055299981704
1056133288300
1056480537078
1056589730755
1056682207534
1057594071428
1057959882503
1058022051824
1058905026746
1059228408600
1059416590793
1059973292006
1060034171840
1060157974269
1060665142449
1060788637635
1061315171605
1061808331342
1062558919120
1062595703076
1063307418349
1063489472420
1064091580357
1064784784382
1065128342175
1065501759082
1066233413253
1066461261592
1066470472680
1066834315707
1067090955150
1067273694584
1067334547987
1067850662697
1068762464784
1069582929215
1069588127032
1070413235668
1071183257140
1071572310305
1072438062568
1072661326258
1072832940622
1073515109854
1074197672142
1074525578012
1074923123904
1075467307622
1076295886252
1077029875687
1077689702195
1078032429191
1079022168261
1079385870903
1079653649181
1080224984309
1080530953600
1081068572289
1081078047649
1081731646950
1081945996362
1082717393399
1083516952607
1083588239552
1084319304778
1084327144341
1084508039859
1084786365816
1084997517522
1085322630677
1085371337180
1085443463582
1086159598442
1086595194360
1087393131261
1088347823656
1088432746291
1089206606861
1089624572154
1090547268662
1091518770458
1092478949936
1092770904190
1092951284207
1093332303425
1093821878534
1094271086641
1094294998113
1094330962064
1094871366618
1094891434330
1095003867840
1095290193329
1095467727376
1096340189548
1097092737960
1097187897444
1097318918518
1097342401963
1097632433319
1098227576528
1099173622689
1099831486115
1099850415399
1100119057257
1100306634036
1101295654162
1102221866208
1102333082772
1103095244958
1104049115392
1104289393563
1104725214094
1105496553584
1105545942064
1106424362648
1106528678540
1107042415532
1107316795502
1108008462370
1108750345818
1109082694091
1109363477093
1109593529909
1110279108100
1110875878846
1111318127360
1111392833991
1111972655191
1112589307411
1113158409062
1113374567865
1113495888632
1114480917400
1115202017281
1115414331859
1115742680101
1116528798533
1116681417844
1117615939138
1118037757079
1118742149948
1119561537168
1120098782568
1120304363241
1120615527327
1120866456966
1121612069020
1121721020669
1121933714632
1122371800314
1123352487908
1123650493920
1123775723521
1124137096517
1125120217789
1125298718756
1125452204024
1125656457540
1125715094050
1126507500131
1126632409544
1127531548619
1127664871018
1128174356360
1128622288127
1129405586041
1129631491738
1129662613173
1130206796023
1130425337754
1130675703051
1131599541253
1131734717752
1132695099387
1133036115830
1133437118894
1134162224285
1134524928241
1134846446096
1135070825337
1135723828398
1136317354924
1136706588665
1137578378009
1137875334815
1138172258794
1139092190609
1139987286614
1140607077231
1140783013911
1141053221311
1142050995188
1142746363412
1142806469099
1143655126787
1144428319820
1144699501861
1145629348101
1146531205448
1147067042997
1148054550018
1148601661528
1148738409907
1149450861969
1150268223531
1150872836065
1151280355523
1152065596318
1152651661344
1153297922325
1154048552066
1154567303586
1155454927528
1156012942419
1156870255940
1157469948586
1157935772267
1158099662619
1158747698474
1159357853871
1159403494138
1159807479079
1160422473048
1160786184368
1161564971710
1161878626000
1162489017294
1162531087245
1163020561896
1163518868445
1164507170560
1165251847448
1165572054400
1165686069298
1166394914632
1167162880051
1168025838426
1168373509437
1168724287696
1168970225285
1169780364688
1169868522250
1169924689729
1170195357006
1170279761547
1170411708149
1171355466441
1171689118404
1172654668150
1173654415293
1174199356929
1174586003595
1175136000736
1175378151031
1175578853244
1175602848241
1175746184430
1176024094468
1176446275918
1176739096010
1177689694117
1178469580762
1179037838386
1179073530977
1179227215856
1179489683791
1180446977684
1180734927726
1181493880827
1182037023390
1182282064308
1182680992634
1183638444885
1184077077102
1184122539371
1184374847570
1184619778082
1184887501908
1185030494683
1185855523485
1186356563734
1187049073546
1187938237964
1188691076190
1188887865834
1189038495885
1189850511025
1190379006806
1190426501687
1191019445915
1191731566262
1192246472542
1193194021090
1193468073034
1193576374607
1193939350956
1194177256752
1194186879093
1194822594162
1195037133745
1195148571512
1195394804663
1196037105739
1196602079041
1197202675196
1197283663476
1197662454315
1197986366284
1198898645949
1199514228436
1199794798369
1200319697101
1200816332062
1201080083956
1202053445194
1202112306832
1202369012576
1203231856088
1203502631698
1204095108508
1205001154815
1205532687184
1205541530736
1206228341310
1206374170115
1206687092554
1206953869218
1207518582792
1208458505595
1209239703701
1209760461422
1210744500890
1211707279911
1212148962211
1212532221148
1213391064692
1214256065891
1214828531909
1215816368399
1216098116391
1216148754670
1216372139279
1217121809847
1217735708092
1217859591326
1218148481175
1219028847367
1219736641346
1220389327046
1220973912330
1221689667552
1221749539323
1222694049188
1222813755483
1222820528723
1223005487259
1223468987957
1223664651322
1224057015099
1224115373706
1224180563445
1225142531357
1225501598332
1225982201815
1226513967373
1226962600241
1227729467545
1227833151581
1228654784455
1229120358512
1230093390728
1230157319880
1230282951063
1230646749275
1231125856364
1231138848278
1231768321791
1232219161076
1232535735805
1232960635635
1233085700452
1233836933656
1233858710610
1234468597998
1234880851565
1235735574380
1235942118227
1236505433014
1236733478974
1237256533610
1237396794671
1238175329531
1238270655869
1238823873375
1239677697611
1240529304091
1241496233041
1241733156476
1242454122601
1243017703216
1243477925084
1243681917223
1243768740179
1244388327690
1244748797398
1244768838556
1245217191509
1245248464920
1245641964805
1245818113208
1245952807780
1246057516600
1246573019100
1247362988192
1247471370912
1248320189266
1248986830889
1249648915112
1250128882344
1250350583629
1250927499088
1251526327734
1251774560486
1252134754848
1252311416886
1252532548277
1253336819118
1254333450672
1255139894599
1255300951026
1255640904843
1255772684883
1256290899511
1257060730611
1257263070007
1257542613937
1258160704482
1258476013617
1259106714747
1259761988692
1259781719603
1260637860555
1261024473857
1261949060046
1262672605963
1263404981439
1263707496386
1263800134681
1263843351503
1264184335246
1264295297881
1264771881495
1265741280321
1265801759892
1265857700486
1266799695329
1266924775958
1267518948427
1268141844974
1268694450884
1269184682881
1269394349650
1270314459615
1270493845394
1271422598603
1271561502404
1272270540179
1272673957118
1273152738194
1273626128971
1273786492050
1274591832615
1274774707475
1275236594302
1276213023738
1276993692501
1277442668405
1278168376115
1279070911863
1279466766074
1280113676488
1280623768708
1280835113371
1281311379450
1281887475049
1282831782933
1283828129259
1284150973227
1285087447193
1285144903557
1286048477977
1286075968771
1286776621051
1287550677676
1287955353547
1288832063516
1289651186843
1290486419351
1290960752002
1291039054427
1291298638974
1291526062452
1292206861063
1292608706423
1292715285510
1293393906816
1293993806360
1294613996999
1295417694031
1296349226875
1296415402803
1296568089245
1296777530213
1297648283308
1297870043989
1298193741671
1298959223514
1299842499910
1300767486419
1301350635879
1302269236182
1302883444049
1303569549680
1304218724628
1304570333484
1304791458263
1304854602091
1305753621937
1305884534810
1305942562164
1306888467106
1307872274375
1308293280916
1308556541023
1309338776521
1309585819676
1309780007391
1310702004806
1311261637679
1312222821407
1313035931785
1313044676735
1313172057322
1313375660881
1313839612594
1314455367775
1315318230719
1316250154918
1316600557790
1316917517619
1317208104549
1317843927745
1318174167646
1318366195084
1318503583669
1318734278345
1318745779970
1319252663874
1319880198838
1320811815447
1321412651198
1321888006254
1322087877169
1322493306300
1322925465446
1323707127786
1323823004967
1324030448624
1324569262022
1325004525476
1325675886809
1326196693213
1326894622554
1327749140116
1328541281686
1329113290267
1329961333266
1330100252891
1330675183101
1330884720556
1331687944017
1331841595230
1332652277517
1332830933782
1333027180102
1333381941661
1333478273596
1334452711486
1335281597830
1335297541977
1335473848857
1335706225359
1335740214259
1335949649771
1336095837123
1336664379560
1337609515278
1337888624108
1338043510171
1339012301395
1339420565716
1339430366915
1340153877202
1340161860007
1340852288653
1341688039926
1342178317270
1342782385398
1343361132203
1344185277551
1344274006543
1345179511499
1345543240660
1346178965843
1347008152464
1347074606307
1347472024304
1347909544705
1348718937641
1349001023703
1349131244749
1349555466114
1350033646780
1350428449107
1350899843680
1351240609652
1351867677522
1351943041368
1352727355732
1352727429143
1353491599835
1354456913017
1355316394794
1355441158188
1355985764593
1356527598633
1357282283015
1358121611675
1358172382583
1358247454876
1358836648553
1359389152533
1360112541641
1361039749193
1361856438026
1362029736675
1362919972244
1363054367716
1363923737744
1364273255126
1365240145098
1366100767461
1366666585429
1366768761264
1367743383388
1368260853063
1368522673483
1369062966116
1369397090305
1369658309583
1369710664177
1369911526225
1370590483302
1370629544197
1370967650085
1371592844357
1371808154600
1372012676358
1372840510532
1372913708970
1373159576383
1373354155180
1373665360480
1374326854311
1374843333435
1375410841340
1375466846272
1375668011882
1376664898172
1377607895464
1377954704005
1378863279267
1379303610511
1379601971670
1379619697291
1379716751860
1379748444553
1380569580774
1381120123052
1381324275317
1381761461129
1382292341566
1382419725930
1382578270774
1382944836934
1383630573850
1384082976343
1384281934096
1384461949532
1384480535275
1384565797843
1384665782056
1384910700881
1385311468128
1385515021109
1386277900441
1387121355482
1387131265959
1387218858286
1387842900549
1388275160657
1389025703387
1389418440681
1389880810713
1390160073517
1390335242780
1390336201949
1391314681191
1392201369029
1392603789514
1392875950880
1393390553026
1394068719638
1394526302910
1395229104006
1395960842491
1396700202783
1396709922933
1396805022327
1397745142464
1398368914707
1399054979984
1399795501055
1400245282039
1400864692686
1401320014884
1402089496948
1402706240926
1402851857896
1402970792465
1402980735615
1403811868086
1404763880919
1404831611550
1405491650826
1406451300266
1406672589612
1407107742158
1407998243339
1408700789443
1409373948695
1409420013395
1409470360918
1410209787882
1410570139242
1410852970552
1410951275679
1410952857698
1411914519372
1412546925611
1413097104255
1414000871067
1414845870358
1415581918160
1415978749685
1416155937560
1416980517315
1417844869997
1418417639550
1418446397753
1418973342804
1419673841749
1419915008647
1420421728173
1420762812280
1421625143098
1421913811883
1422772882326
1423430003429
1423434955184
1423689907009
1424637801986
1425611403905
1426204874719
1426489582686
1426582599641
1426801799578
1427679142776
1427845241579
1428188627024
1428540332694
1429217079857
1429362508767
1429710218086
1429817175799
1430715662788
1431616780151
1431948979867
1432661915633
1432887503976
1433106483431
1433443731392
1433843226889
1434821088895
1435123759395
1435206107227
1435431962368
1435495450839
1436109480395
1436145992107
1436951301007
1437930895684
1438711702211
1439335170972
1439876285312
1440181838546
1440837610936
1440961058312
1441713780947
1442008916542
1442096546836
1442151943611
1442268639617
1442381395316
1442877595967
1443367890204
1443378679299
1444114820125
1445015839755
1446014368923
1446428951264
1446951617987
1447052379590
1447074128881
1447628040166
1447822999715
1448146998972
1448246423589
1448976772490
1449825000687
1450127754952
1450337188259
1450383780009
1450418759231
1451342518209
1451756728364
1452753697943
1453457915532
1453469987043
1454212026974
1454991422244
1455856316126
1455862849990
1456357234172
1456718334324
1457268941587
1457406099541
1457440296355
1457696050543
1457808313131
1458578335549
1458816180390
1459631061820
1459725573534
1459782086805
1460589066460
1461059571557
1461403908312
1461957703212
1462571390084
1463520942294
1463858672117
1464264076474
1464850259434
1465039612887
1465110142402
1465705288709
1466373625919
1466579076250
1466999629339
1467679862324
1468017866411
1468335269078
1468473952791
1468734035115
1469428479953
1469629587031
1470132970536
1470807711949
1471171875147
1471804246281
1471937256085
1472323701821
1472744059912
1473564477400
1474154132358
1474242422141
1474903183207
1475320146513
1475866668423
1476070644947
1476188955539
1476931316219
1477706283334
1477902028551
1478093986481
1478426024399
1478594913494
1479557371065
1479945117654
1480063493158
1480320803269
1480553444801
1481268375196
1482127639425
1482549946817
1483155949867
1483885446118
1484858989216
1485115535072
1485241927319
1485648307789
1486082026528
1486539857547
1487277703411
1488182071910
1488779302139
1489294477063
1489368731822
1490072027906
1490117878760
1490601439488
1491167778576
1491414230626
1492378543530
1492634493655
1492750607056
1493028056437
1493492143539
1494171033863
1494604983864
1494789915774
1495780131200
1496026303758
1496096695715
1496805809491
1497790094161
1498068162725
1498287404575
1498695297305
1498887767702
1499812677712
1500176227271
1500906709784
1501595212037
1501697569669
1502633686912
1503085866350
1503823411868
1504362850699
1504509125758
1504590485102
1504795400429
1505414079763
1505791886659
1506428636345
1506915558691
1507026045026
1507094432682
1507113735091
1508037866627
1508379476899
1508689789130
1508819450805
1509397817321
1510203900329
1510812263334
1511443100934
1512033986958
1512871633819
1513350389869
1513417868416
1513971735173
1513995314368
1514802959641
1515169625546
1515272130587
1515520154080
1515652771682
1516125156037
1516148769073
1516913019145
1517764420317
1517917230306
1518244446222
1519178346101
1519487453700
1520310151136
1521178792593
1522132354236
1522145430313
1522215233749
1522369565664
1522460794657
1522640250560
1523395983476
1523942793919
1524240722768
1524434361760
1525074396642
1525568959664
1526472677334
1527347374376
1527522462544
1528487968591
1529375195549
1529948568887
1530526789941
1530997209762
1531192475590
1532143040461
1532272363464
1532849805668
1532922003605
1533380607939
1533828195864
1534427100589
1535334756411
1535714128924
1536296964221
1536711891012
1536792506350
1537439412703
1537601586971
1537734759252
1538437964446
1539178321067
1539330979079
1539866548608
1540496510016
1540696092477
1540889140001
1541231223479
1542047586809
1542680875276
1542830634337
1543692234893
1544064930919
1545020816168
1545228712783
1545636125461
1545972650733
1546729128135
1546812307191
1547048474682
1547139269159
1547901732730
1548363406943
1548408152236
1548975784955
1549058912722
1549095385949
1549527924709
1549702847791
1549841683092
1550684952995
1551296379904
1552097861524
1552523027490
1553148542247
1553521721768
1554398405835
1555392966532
1555686523814
1556266533574
1556992929280
1557100769200
1557835913397
1558452583917
1559418342292
1560383374004
1560481478917
1560711837068
1560799513984
1561355271057
1562119095141
1562359263696
1562622669711
1563090864058
1563516997950
1563564749986
1564403175096
1564440750297
1564552908735
1564786162408
1565519394518
1565935531327
1565985660472
1566831507398
1566919404489
1567292793912
1567465871968
1567470191276
1567589906888
1568106656695
1568631916997
1569593750937
1569801655317
1570265126999
1570916067780
1571034179509
1571430689549
1572027832348
1572198636881
1572526321040
1572730024014
1573370659162
1574247903415
1574588586729
1574848974123
1575467036253
1575639411223
1576221790377
1576767925736
1577319362524
1577933210019
1578778285103
1579459828935
1580092967941
1580140909382
1580464692696
1580784771102
1581665655628
1582406009464
1582538791050
1583514611327
1584319181586
1584524894661
1585224460082
1585999037117
1586447257266
1587155533801
1587258788807
1587538251246
1588370167550
1588386134847
1589086781757
1589969773990
1590002737426
1590224309643
1590384111416
1590990656460
1591498120545
1592002878831
1592640561172
1592767829497
1593288705522
1594092875712
1594132344301
1594386498049
1594405075688
1594529631543
1595085308854
1596041404491
1596159706385
1596901405888
1597749200542
1598413266911
1598828765896
1599426370843
1599474948381
1599929542373
1600215963447
1600734117042
1600798171249
1601683603860
1602464397867
1603172795642
1603279832813
1604166763738
1604893383234
1605253207602
1605894822679
1606638246180
1606664921675
1606727269854
1606983879669
1607062206814
1607241039764
1607407465174
1607539688530
1607881859861
1607892369401
1608329326371
1608683354388
1609137383808
1609152656511
1609554991388
1609672015160
1609800981143
1610629040468
1610913737286
1611559648477
1612469606929
1613003981869
1613458735229
1613657777534
1614066649852
1614429047318
1614845273771
1615032688054
1615320747307
1616240586096
1616666902909
1617014668419
1617688937804
1618230880897
1618631588318
1619141952559
1619955316867
1620492916984
1621340609977
1621776716913
1621809458657
1622185757357
1622462348655
1623132948838
1623736528005
1624357781432
1624896254961
1625865558896
1626179953502
1626243015756
1626830369716
1627108997331
1627317765207
1628244226901
1628264774142
1628500599282
1628807970042
1629154478065
1630134356728
1630256945513
1630597010827
1631494605905
1631831498238
1632815833503
1633722867814
1634721486706
1635523440927
1635752343594
1635845058758
1636555891607
1636851441214
1637360106642
1637928662902
1638495383332
1638568457265
1638860301136
1639151916330
1639243269087
1639921835142
1640103763103
1640224774026
1640958074133
1641223956357
1642160391875
1642717451742
1643195246425
1643285507685
1643839220927
1644500286470
1645186532999
1645389480526
1646183926629
1646828619689
1647603764625
1647845264522
1647911398270
1647919585104
1648344505342
1648485230252
1649470222597
1649859509971
1650484282816
1650803069542
1651655639601
1652398400262
1652527387804
1653095716140
1653757017581
1654486946197
1654701005001
1655141165171
1655209305620
1656180367769
1656285745989
1656546664219
1657426365064
1658300986711
1658823133547
1659393428275
1660039811145
1660276969111
1660509827489
1660635478836
1660831700624
1661219692067
1661407210977
1662098360115
1662453813664
1662743738885
1663280804132
1664181221208
1665074656962
1665106574915
1665126901753
1666026701689
1666698258564
1667253744430
1667731008664
1668086969615
1668214839573
1668724736625
1669506898529
1670278366578
1670590897350
1671544549417
1671832537008
1672633980810
1672968501433
1673706514971
1674553223928
1675432634376
1675701858661
1675894168463
1676604097197
1677368439117
1677657562285
1678490326791
1679332812493
1679601948725
1680509414168
1680783196126
1680853769092
1681665343820
1681932048203
1682214831221
1683207330193
1683599555630
1683953566876
1684807195240
1684949756559
1685282881162
1685989236032
1686975153342
1687150635447
1688139977664
1688289260419
1688687428183
1689615850453
1689719879305
1690270208886
1690674047859
1691386501671
1692213903697
1693010475195
1693698469552
1694191647962
1695182179727
1695278836173
1695313628104
1695725725689
1696103673254
1696835423130
1697765154385
1698059050772
1698817120373
1699461894570
1699635717173
1699696264574
1699920294618
1700203455773
1700514635334
1701050951947
1701108736037
1702032835769
1702893497443
1703306921417
1704021531035
1704517101331
1705451321398
1705784726539
1706661131623
1707532002266
1707849112223
1708247299393
1708896323630
1709316824764
1709754176374
1709756754196
1710713824239
1711001670251
1711592247989
1711878949765
1712556257523
1713425700692
1714080863819
1714737574039
1715441236306
1716138311954
1716170350544
1716749206757
1716902356402
1717264972487
1717987064124
1718906727480
1719760298970
1720432406401
1720818926103
1721139450399
1721391016385
1722012625524
1722879396966
1723869978632
1724640751414
1725159827786
1726088297024
1726463494021
1726729174296
1726942863958
1727092019100
1727103463234
1727321101994
1727686421463
1728122226673
1728492237567
1728933392071
1729274649782
1729762752910
1729949942896
1730019138112
1730679641554
1730874108517
1730996161626
1731897531563
1732115972752
1732837143649
1733015902123
1733742258161
1734678184931
1734723047983
1734906444107
1735453905954
1735945764983
1736640547221
1737406271983
1737962867813
1738036972116
1738410550140
1738717412376
1739651182923
1739724689711
1739928072845
1740720993362
1741102418599
1741863681939
1741950530740
1742231235209
1742267933732
1742508043938
1742820247207
1743424381494
1743977086376
1744357817122
1745218715148
1746084354521
1746382945041
1747374416315
1748137041487
1749052727424
1749815529998
1749967337543
1750009938220
1750574338892
1750695684294
1750829027924
1751752467570
1752228673629
1752824192194
1753070362321
1753740259682
1754529230486
1754843726408
1755266848615
1756052684378
1756313880105
1756328041891
1756597157823
1756979695588
1757288306571
1758076520671
1758480071962
1758965809951
1759928646049
1760645285685
1760994953501
1761155959564
1761158144708
1761661364138
1762250450570
1763063660804
1763740309246
1763872093042
1764174598718
1764432317560
1765003646130
1765802490841
1766033985384
1766703478623
1767130428328
1767242594546
1767856841973
1768215221410
1768928400872
1769746512798
1770633294319
1770686924808
1771389730845
1771506049701
1771565443164
1771869484669
1772064518356
1772646274780
1773594507248
1774192925372
1775084153660
1775346509556
1775670908257
1775892037285
1776572405464
1777335438919
1777816253691
1778782909300
1778918988766
1779797696174
1780202689944
1780599959078
1780859379497
1781657494732
1782270567798
1782714333349
1782791296237
1783253587687
1783420276777
1783636665632
1784492535157
1785030567748
1785744376598
1786091702368
1787003859752
1787952290345
1788320715867
1788880153993
1788914733273
1789147638095
1789835881242
1790290942435
1790420639251
1790491461087
1791090388240
1791930384108
1792564762174
1792625287190
1792957871909
1793460941524
1793718543664
1794090149586
1794234402103
1794259617456
1795098328021
1795200967773
1795342533023
1796267182497
1796377432044
1797298018646
1797394894225
1797726586874
1798204269197
1798458524804
1799227266198
1799660476516
1800300784913
1800322642516
1800417125920
1800957487172
1801417505674
1802010090105
1802147816382
1802204097990
1802937154417
1803613831742
1804378179150
1804431023108
1804865796756
1805155235695
1805694009526
1806265394908
1806665062009
1806682730838
1806789588490
1807207090674
1807848335693
1808653839568
1809650151911
1809932290761
1810902389376
1811727135739
1812717037277
1812865710043
1813333905389
1813519988285
1814116629461
1814526987724
1815082804063
1815120528451
1815891780331
1816163008952
1816530120419
1816840232324
1817154008544
1817639617858
1817865689552
1818560290531
1818688124966
1819616302526
1820158656919
1820190613603
1820383132243
1820614927026
1820618756120
1820704266678
1821269863715
1821844790324
1822140207521
1822496980929
1822816911952
1823611322008
1823915415694
1824234135338
1824540415004
1825538730517
1826382073627
1826392830956
1826477013383
1826633203055
1826636066046
1826692147057
1826953250162
1827321401524
1828194978575
1828706019807
1829289701625
1829796836619
1830030792281
1830700045825
1831442227786
1831675059619
1831948133416
1832897504915
1833170545589
1833476467899
1834413800823
1834512289725
1834920719224
1835528181967
1836013212139
1836061094188
1836725668979
1837154365639
1837486749949
1838231557352
1838489375833
1839179098988
1839492938747
1839675672764
1840457180377
1840827235832
1841409808583
1841848978693
1842478089505
1842761701000
1843634630816
1844219666437
1844341174109
1845249426476
1845406694386
1846160821064
1846720527171
1846920211256
1847875665029
1848192894585
1848215463992
1848368010725
1848533319177
1848876044677
1849568001946
1850296901798
1850570309522
1850801837986
1851645117088
1851940501724
1852135554175
1852325347619
1853243634747
1854218622425
1854705929147
1854812282662
1855338729203
1856144609817
1856667690505
1857048862140
1857245475557
1857536158543
1858146141853
1858387126814
1858688693702
1859686183019
1860362737805
1860464091351
1861271973332
1862257145190
1863138908950
1863636838750
1863760567030
1863949318959
1864335684357
1865069359327
1865875289673
1866254645805
1866296851636
1866623114690
1866842417702
1866883032766
1866929441202
1867278974236
1867420293703
1868152040410
1868672325763
1869345056646
1869354669324
1869740177714
1870544363022
1871431059268
1871476290596
1872351371320
1872463600420
1872819535020
1873623526470
1873640620808
1873810574634
1874697706755
1875268107818
1875497527558
1875570648069
1875599571816
1876299572535
1876329162491
1877102400063
1877658482339
1878086234340
1878435447604
1878492845399
1878857864012
1879637693411
1879700932839
1880161867884
1880331786029
1880781261867
1880952823781
1881454203343
1881499704079
1882287562941
1882340321660
1882708050499
1883630843935
1884182656999
1884380265211
1884755886864
1884843057490
1885159674714
1886030247664
1886369125384
1886977331446
1887183826389
1887636241452
1888398742427
1888571293828
1889076311844
1889712457798
1890355887776
1890683204354
1890911003928
1891163516155
1891463577732
1892146869769
1892763995594
1893379215203
1893621722412
1894454371988
1895322135556
1895689594922
1896404370662
1896790123958
1896911646166
1897609802943
1898092534961
1898806827952
1899317303701
1899886704985
1900631367351
1900895791640
1901657010618
1901715535554
1901786938944
1901886521578
1902484860756
1903368859776
1903417984669
1903687795436
1903830672652
1904824933946
1905754618899
1906365736768
1907200169621
1907865073758
1908252539636
1908755222059
1908974828695
1909553045211
1909710418800
1909833128199
1910679480174
1910831374948
1911432313288
1912138556128
1912392004107
1912922289110
1913377517196
1913658143485
1914121677424
1914435097610
1914781268912
1914869831869
1915035100094
1915242747580
1915699104233
1916058544515
1916404946456
1917372869197
1917657557591
1917885337120
1918405864167
1919029715743
1920002413880
1920206204196
1921196743571
1922184906004
1922306730831
1922983737359
1923620253273
1924061807147
1925018059258
1925121485189
1926093175808
1926702518137
1926877608256
1927705533403
1928037418258
1928605872552
1929552314565
1930394924582
1930603151256
1931420002364
1932297033180
1932356282571
1932850020556
1933512689569
1933783990654
1934548773908
1935312271641
1936034461893
1936241809310
1936437838418
1936662217601
1936895135572
1937147037387
1937433191024
1937718119998
1938642842278
1938869922231
1939033927872
1939529228828
1939741318571
1940708778062
1941010547901
1941133876564
1941321563453
1942156909763
1942917739769
1943744541858
1944177447841
1944655356263
1944741093935
1945476490532
1946125455912
1946172132121
1947166356850
1948102290973
1948204115233
1948443739892
1948530819246
1948882916844
1949084755454
1949108291660
1950043183309
1950705558204
1951689660055
1952206051015
1952621160867
1952914610743
1953108365548
1953866893615
1954809227042
1955775742338
1956573599299
1957490539318
1957964505690
1958877982877
1959684947853
1960334482949
1960633889730
1960776270947
1960833532226
1961079096849
1961204707736
1961957594526
1962178960230
1962459343422
1962992430306
1963927637846
1964561871993
1965524916038
1966335822690
1966898587680
1967057807264
1967074832093
1967743994492
1968093987436
1968899773974
1969547711811
1969750194424
1970361399024
1971134960693
1971329508849
1972227009544
1972822405880
1973684351089
1973981606695
1974116220506
1974951785040
1975105780984
1975810440400
1976009790719
1976853351690
1977747583280
1978454728305
1978902488680
1979269865882
1980042559878
1980595638045
1981387797413
1981884776776
1981971400703
1982810860181
1982956455203
1983826377600
1984619118715
1984946003968
1985680119018
1985976476946
1986872632966
1987771574763
1988459955057
1989295033016
1989507545199
1990120678433
1990147069103
1990690405329
1991213414796
1991480118345
1991769086764
1992599629652
1993358608805
1994128956734
1994919422673
1995421011114
1995498698175
1996393423134
1996757796014
1996777450939
1997719929556
1997757531339
1998617635277
1998878515515
1999027347759
1999294316233
2000226511062
2000938870187
2001283447288
2001754634461
2002168833907
2002535798051
2003301344680
2003968633235
2004049069489
2004796278806
2004942877534
2005760276258
2005793022407
2006084410988
2007020425503
2007804241340
2008194027815
2008353368183
2008473722592
2008989566680
2009708629743
2009929247327
2010704775940
2011551166963
2012364716948
2012782812588
2013006975672
2013981517442
2014772942091
2015689502645
2015800687317
2016781313252
2017679921389
2017845027345
2017973512623
2018456705270
2018729101570
2019356742429
2020324422488
2021063462673
2021381082910
2022058967629
2022591265414
2023156923202
2023674712526
2024589933908
2025011007205
2025453489414
2026341151601
2026685022991
2027278967871
2027860962031
2028033560034
2028058655790
2028785481615
2028893770527
2029355884744
2029792942206
2030075913934
2030479179012
2030533694517
2030723886216
2031435440174
2031828918795
2032556776738
2033146984749
2033716932013
2033918855057
2034099642599
2034228987600
2034698771077
2034709948976
2035111056215
2035758733858
2036549306974
2036799238903
2037565799559
2038239077333
2038583698443
2038809425253
2038991526813
2039764009227
2040099113281
2040864293268
2041801148171
2042329384762
2042939881263
2043898381469
2043969962611
2044085532155
2044382973839
2045133806606
2045355827109
2045704684016
2046179209376
2046261494080
2047244957624
2047603946101
2047900705946
2048051824674
2048173715682
2048298616505
2048889742541
2049040106008
2049897144663
2050064619117
2050193708518
2050470169103
2050758004931
2051116694165
2051386448689
2051543092576
2052377773058
2052445753072
2053282165778
2053441348388
2054135602721
2054911872343
2055541316283
2055666235551
2055916251734
2056333384275
2056790775470
2057000354995
2057120221975
2057212720050
2058064331932
2058339965455
2058350164612
2059027382776
2059971448489
2060102323074
2061090791444
2062003089320
2062515509702
2063319316000
2063651231856
2064325217406
2065314129619
2065710486454
2065960486526
2066827192996
2067208167683
2067264423077
2067937688877
2068555606423
2068731299654
2069202544888
2069232272893
2069934098293
2070568124411
2071144858544
2071490057919
2072311232186
2073022376517
2073662123803
2074465630473
2074966355701
2075524173662
2076379065165
2077069358919
2077519436470
2077757775723
2077761045208
2078156832135
2078326593848
2078505810033
2079282267057
2079788870975
2080587023793
2080696907352
2081167434412
2081243778383
2081351154187
2081779389656
2082343192393
2082721630407
2083554916108
2083747136286
2084402074020
2084689321316
2085535958121
2086517215622
2087240745794
2087395553268
2087526593461
2087913479066
2088174378219
2088842747914
2089031464224
2089327674234
2089646015642
2089787758955
2090383583829
2091095824208
2091965206795
2092930931782
2093742238260
2094592756666
2094865767964
2095124514543
2095296210310
2095502941611
2095854282668
2096203850702
2096769562859
2097190824545
2098093667308
2098381400493
2098804931989
2099001933484
2099981073789
2100663613226
2101160918925
2101592888039
2101768944286
2101914304659
2102365891775
2102452622980
2102552174671
2103074936425
2103656467669
2103955519003
2104208700778
2104624686002
2104853737197
2105471871250
2106328735309
2106798929702
2106997885400
2107283513323
2108130384457
2108852143373
2109135731565
2110092969512
2110848808049
2111380744877
2111480098324
2111559455008
2111700175607
2112198804012
2112355946261
2112834312963
2113596431454
2114050062809
2114072651979
2114950256222
2115932665636
2116276403154
2116744513109
2117090363779
2117103579645
2117294489257
2117425379104
2117908731610
2118668837222
2118886617929
2119121238753
2120011655180
2120410921896
2120608566529
2120994493723
2121182195754
2121815748467
2122192517771
2122427900546
2123202598530
2123437080382
2123687035651
2123737326627
2124140444655
2124997149241
2125205683656
2126181479104
2127126792743
2127229192990
2128123797505
2128197911313
2129046533741
2129671215609
2129749012254
2129926578200
2129953050236
2130541599286
2130647507614
2130771452732
2131436998979
2131601278315
2131985932019
2132637966688
2132787215264
2132886581216
2133107631182
2133413067701
2134036548629
2134218810712
2134343633758
2135040832024
2135478938303
2135933568958
2135954876830
2136821409620
2137349120952
2137853265132
2138853031768
2139571565883
2139946359312
2140783651741
2141139277271
2141874455998
2142364867658
2142517650376
2143254280895
2143322154065
2143584931428
2143755417294
2143867078130
2144374249632
2145038740085
2145053503842
2145895942307
2146171829661
2146338300196
2146521021444
2146558269259
2147428892448
2147587813982
2148479315200
2148871572930
2149684757227
2150156136330
2150731132972
2151230542978
2151359511242
2151447633684
2151898820052
2152115563534
2152122527692
2152662690078
2152743167794
2153100195971
2153193449052
2153502107728
2154191116448
2154583871708
2155223632423
2155524920604
2155768524993
2156151264029
2156338468153
2156518092192
2157251788070
2157357100182
2158172744225
2158202948861
2158418050826
2159310637391
2159849389895
2159898931021
2160255113497
2160349703340
2160449587207
2160836949242
2161322500188
2162066074076
2162654465572
2162922349646
2163917709347
2164173478656
2164272056439
2165221653632
2166217679307
2166961580566
2167912238990
2168639950174
2169115417415
2169726732041
2169942066465
2170148197571
2170824124160
2171767708886
2172563009944
2172872206228
2173631784714
2174185746569
2174655958626
2175229083148
2175785960392
2176059207141
2176929900943
2177615330482
2178491249523
2179282684149
2179738293813
2180365620360
2181357942451
2181425799233
2181726771904
2182421190362
2182678123006
2183426629223
2184145103278
2184420277108
2185185604094
2185939545465
2186386994629
2186709248156
2186724775026
2186969500878
2187781514985
2188449406983
2189361000644
2189997882100
2190795865150
2191148649761
2192034887569
2192677110359
2193486629149
2193977773246
2194800759208
2194803510594
2195283510274
2195865433588
2196558159613
2197057277790
2197309680627
2197967801123
2198175300909
2198416124009
2199031097161
2199509102099
2199638569629
2200296012434
2200694734143
2201216344739
2202134320983
2202579634332
2202633985693
2203392809511
2204008138982
2204532281667
2204707338566
2205126463870
2205400737425
2205529157500
2205601521658
2205913936811
2205999856935
2206592077729
2206976086120
2207137973628
2207799885791
2208150782086
2208173038069
2208544541535
2209231125240
2209550361212
2210531101404
2210936699063
2211036812532
2211862084276
2211956723066
2212683501377
2213640705493
2214312990121
2214418459250
2214715395500
2215138561781
2215791696189
2216539017529
2217024730156
2217789339810
2218649187655
2218650471529
2218984935496
2219111034367
2219239896527
2219826129106
2220436421696
2220809768526
2221108763076
2221700077644
2221908667719
2222699355033
2223485045193
2224282199458
2225042904332
2225742041154
2226686877087
2227216194820
2227256640975
2228193244301
2228545868545
2228728059654
2229570666037
2230231662410
2230855717103
2231496763338
2232489530631
2233383437692
2234208616680
2234542869067
2234962911219
2235189380471
2235225344223
2235939559296
2236439648730
2236776073748
2236855117003
2237368190824
2237778423482
2238104517361
2238497561922
2239031667280
2239175071109
2239896752924
2240872698169
2240913601264
2241350350277
2242099208583
2242812618545
2243132446601
2243913312077
2244421579263
2244693353744
2245499721804
2246295033589
2247167108259
2247537391094
2248350655030
2248568220281
2249310237768
2249953268695
2250629339439
2251139576080
2251521101694
2251581844009
2252501905775
2252873231505
2252995532741
2253164471938
2253794299937
2254031827909
2255016019956
2255042127456
2255145166674
2255616935755
2255954830735
2256431117900
2257299165541
2257962788067
2258885547287
2259351739212
2259937504553
2260465780927
2260825187520
2261788030259
2262020541333
2262665039087
2263612975450
2263926251729
2264696332986
2265424716602
2266186360992
2266692211407
2266931556516
2267416418427
2267596749107
2268279599018
2268309611238
2268476008262
2268536064421
2269106588464
2269208396170
2269900046672
2270120085922
2271053044019
2271994668753
2272179581669
2272816900578
2272957272764
2273440461615
2274090026346
2274927706761
2275168194614
2275368915254
2276077182938
2276415385556
2277302017384
2278042863992
2278479888334
2278610446680
2279058525977
2279557315588
2280413166857
2281021471081
2281941498812
2282902015080
2283084253173
2283149785307
2283190858044
2283447527524
2283975119143
2284034579472
2284580171090
2285246215156
2285307132960
2286243504267
2286714592735
2286959358990
2287903855976
2288103921770
2288226901753
2288930348671
2289757650086
2289881609178
2289989246209
2290412681280
2291238920605
2291774875207
2292441554609
2292485823827
2293154555552
2293191071501
2293212043217
2293363686613
2294166420169
2294984814167
2295275182048
2295854372904
2296038291800
2296848152289
2297570491522
2297767484316
2297998892640
2298312416613
2299235646058
2300111883690
2300637899449
2301412142718
2302234243008
2302506634117
2302707831403
2303182760823
2303996193349
2304515276978
2304682130858
2305280022679
2305815702616
2306236681966
2307034757771
2307070183772
2307835587723
2308226647451
2308358426907
2309001246455
2309691594964
2309958242382
2310838299942
2310886758765
2310930957674
2311730006195
2312614216961
2313376939503
2314200315773
2314922840207
2315304632449
2315865085359
2316371192364
2317253937673
2317263477280
2317308020106
2318092127047
2318895764389
2319648833758
2320069101969
2320917616045
2321602645168
2321782270355
2322044860059
2322542488122
2322616236750
2323163019332
2323522055757
2324181192143
2325074891513
2325437769943
2326049825130
2326625630526
2326899258044
2327213964593
2327296086128
2327300676775
2328019061323
2328273482693
2328767262091
2329482787319
2329811950930
2330737367424
2331644804853
2332306361352
2332379012011
2332967106705
2333266134752
2333767310853
2334422046129
2334469099094
2335052043254
2335607681935
2336593078217
2337533061977
2337912490287
2338248287503
2338291352054
2339185969852
2340139383363
2340851876606
2340930304123
2341851541052
2342056695211
2342703423158
2343248118054
2343813267441
2343861605893
2343970049317
2344099589208
2345092322103
2345922410858
2346037534258
2346426392629
2346482980516
2346649475258
2346718605130
2346763231481
2347297843590
2348097462228
2349085671012
2349551778784
2349969335192
2350470101364
2351218124535
2351222292661
2351737371836
2352673894721
2353505819572
2353914852296
2354245961903
2354730069290
2355441008570
2355645926148
2355815835735
2356596869587
2357447673265
2357857092429
2358130921096
2358742339719
2359049921130
2360045091282
2360833967930
2361511845413
2362218007925
2362724968558
2363623800146
2364611834215
2364926749312
2365642730090
2365773037775
2366586097099
2367354262104
2367516490910
2367692620311
2368387055763
2369312234145
2370263821367
2370771069893
2370953415330
2371097762172
2371490433562
2371556719568
2372051525901
2372331912668
2373285305275
2374059547553
2374586050566
2374982475747
2375436604273
2375613145441
2375664777493
2376300793369
2377182857294
2377400989957
2377933658793
2378201470944
2378271458182
2378960649044
2379687870514
2380209817977
2380396414606
2380725558143
2380731252557
2380740100741
2381638080441
2381961438402
2382365182322
2382503145131
2382893311315
2383076179964
2383145348846
2383973366863
2384347649466
2384859865577
2385662943713
2385749904979
2385792961786
2386514912839
2387265602970
2387508544573
2388273304990
2388488135441
2388490563503
2388904862593
2389816957238
2390345845015
2390381493575
2390923630491
2391002157180
2391332394360
2391457473248
2392249648239
2392793067218
2392850142966
2393735240794
2394518593374
2395206752765
2395438644798
2395604806931
2396208105648
2396218190198
2396978584264
2397299495870
2398043368964
2399043341256
2399570480308
2399588553806
2399870581738
2399891253520
2400382972698
2400610138962
2401216611707
2402027228959
2402741074618
2402935403414
2403663897376
2404449373762
2404630294205
2404663249053
2405086666023
2405675558413
2406628987454
2407258341517
2408188767886
2408828615942
2409612705753
2409832646110
2410615151894
2410626139083
2411073110505
2411972909732
2412739078175
2413509104256
2414124271570
2415068316409
2415833399875
2416477336376
2417433131440
2417755112204
2418268546228
2418316791510
2418723450801
2419588570830
2420318738898
2420331009893
2420339253261
2421188665997
2422157707452
2422403460961
2422757752216
2422987296592
2423579178461
2423662134207
2424478621431
2424815554118
2425439185342
2425874998976
2425946969148
2425993197917
2426980897682
2427253940016
2428036304267
2428896308660
2428927563387
2429633344305
2430089715293
2430825217222
2430839712317
2431747599033
2432074451341
2432370332626
2432824738188
2433504815516
2433511303521
2434242409042
2435181046596
2435659121881
2436463702386
2437022465122
2437349465807
2437864269403
2438801854579
2439315209692
2439337895323
2439787639350
2439896384618
2440653326877
2441094201541
2441136110158
2441876663935
2442613694243
2442662193771
2443270777655
2443699563874
2443893438289
2444481306978
2444992942060
2445541305623
2445820270064
2446636224971
2447360965532
2447630552403
2447659592810
2447896060063
2448064522034
2448128979969
2448996945356
2449136718487
2449777988540
2450517011594
2451389960841
2452112876917
2452497900266
2453183216861
2453934720183
2454730686163
2455324404665
2455590323897
2455673704181
2455803673551
2456278692997
2456406895277
2457184135567
2457655348183
2457828176555
2457970147742
2458897224879
2459879345165
2459905309847
2460182679993
2460499456413
2460770093063
2461733582441
2462198356225
2462777882528
2463443727555
2463624295169
2464424598697
2465285485193
2465921122741
2466493716511
2466545871797
2466770964981
2466975524291
2467680518643
2467707837676
2468215677765
2468961977594
2469286092081
2469723355494
2470612134965
2471520496359
2471642224306
2472616808625
2473019989192
2473209785068
2473582758632
2473800391620
2474742593433
2475558494586
2475756703115
2476114076598
2477070415270
2477600826517
2477658528536
2478117512668
2478748791544
2479516424278
2479779435080
2480115117518
2480710896750
2481458265530
2482374300216
2482457626993
2482582155345
2483173123799
2483832117540
2484112016597
2484491557723
2484665382051
2485126591703
2486081967889
2486804091016
2486965273536
2487595232449
2487806371795
2488297664105
2488937696906
2489262653145
2489860478128
2490097986848
2490547616324
2490643762327
2491014614303
2491916623877
2492255930042
2492737280276
2492784711850
2492797183756
2493007188376
2493555877125
2494244775091
2495243307912
2496173161570
2496768380286
2496967894145
2497414904595
2497892536727
2498246598399
2499186673998
2499229354733
2499649942618
2500372263420
2501034179188
2501999838725
2502035453347
2502508531931
2502564690002
2502857408952
2503827806331
2503908432739
2504660710897
2505564677188
2506033117260
2506737121139
2506940048077
2507903367595
2507985120224
2508189653951
2508358709461
2508730965580
2509660068201
2510221558569
2510244550136
2510865366246
2511553920575
2511708283500
2511719222462
2511938035703
2512681059038
2513587265168
2514218458444
2515006937807
2515859285004
2516575337014
2517015245508
2517251791924
2517280882577
2518072738915
2518116645740
2518488402247
2519249600972
2519297179502
2519625800706
2520382066256
2521338529720
2521560446525
2521822472855
2522112176317
2522700286273
2522822582501
2522932979824
2523523449567
2523687913521
2524525660544
2525185548406
2525944527424
2526412716937
2526724472475
2526997064966
2527981553115
2528630560193
2529014035580
2529205230262
2529743127303
2529756526539
2530195266732
2531015464625
2531243424439
2531563497347
2531626767508
2531665195988
2532439488078
2532873813711
2533412333705
2533994937715
2534732839915
2534773879721
2535120144017
2535911902361
2536887051152
2537409445752
2537740861637
2538123641212
2538335709131
2539083553332
2539459416836
2539650184089
2540565377528
2541087457639
2541385370793
2541982406194
2542880002159
2543695167009
2544535220963
2544591405622
2545437286686
2545620725447
2546279177190
2546711546210
2547246604751
2547916297251
2548597630931
2548847456292
2549215456938
2550172236478
2550720589128
2551245784517
2551798681710
2552027764740
2552940360377
2553889205222
2554076098566
2554918455905
2555802428293
2556761752723
2557113716873
2557687842004
2557904214069
2558375725448
2558815265998
2559668110065
2560376380947
2560936251023
2561454488376
2562450318813
2563021882595
2563658114719
2564270689483
2564739363968
2565012747145
2565410205090
2565467225749
2566457459489
2567187369290
2567342436217
2567348666824
2567543886517
2568469878587
2568728631981
2568890382459
2569019578473
2569164234031
2569368569045
2570243266780
2570816005870
2570963511840
2571315644706
2571812699294
2572683377524
2573233613923
2573549452423
2574301370424
2574541811629
2575301465737
2575863014475
2576118040946
2576766016381
2577410132518
2577652530876
2577837629202
2578013170830
2578730989410
2578745185659
2579025462179
2579080443085
2579337611013
2579998682042
2580077080924
2580499982262
2580656342188
2581353535068
2581607344843
2581762075369
2581943708459
2582210783094
2582601928450
2583180558576
2583301493917
2584057391084
2584460903028
2585372183164
2586085753174
2586468603777
2586758590624
2586927992355
2586960760269
2587700921470
2588619706867
2589337678636
2589627010538
2590253302392
2590904494299
2590933428129
2591760912501
2592592059349
2593341679728
2593459157558
2593830435272
2594399292005
2594762568754
2595759137024
2596434965365
2596850671989
2597497966269
2598182976228
2599025747483
2599840787278
2600321230472
2600851097738
2601017987137
2601037347334
2601043540933
2601687051538
2601855026131
2601906756214
2602065170714
2602253311026
2602344730725
2602541831949
2602880579572
2603470952849
2604308333878
2604354026149
2604753584789
2604905926401
2604928855536
2605913217768
2606845850394
2607462645047
2607575921095
2608247897350
2608312461283
2608356196927
2608973558976
2609313708954
2609431674092
2609514637143
2609525455844
2610216755680
2610777083936
2611124751345
2611542123945
2612355621421
2612536633972
2613439755305
2613632549507
2614549724679
2614975288428
2615161071824
2615968385678
2616023213312
2616916073425
2617006497172
2617472710098
2618072067491
2618935318086
2618978432825
2619763095104
2620206772612
2620372765692
2621191310376
2622137033012
2622705651838
2623449358237
2624094311976
2624909432552
2625139530084
2625349984398
2626033061385
2626167247222
2626517504765
2626739611742
2627214757245
2627342912122
2627343333834
2627987830157
2628466430961
2628603551397
2628633146959
2628732242942
2629137209314
2630037058634
2630163192981
2630769132616
2631151584592
2631380647171
2632164493223
2633153798051
2633602328802
2634176576779
2635075961740
2635527995243
2635732430100
2636172606478
2636333708016
2637120255926
2638087146467
2638745959521
2639488981620
2639914930799
2640606842526
2641155382400
2641909755153
2642103556709
2642570403120
2642699900940
2643407259085
2643592087018
2644433632710
2644891610430
2645420026499
2645556762192
2645718904067
2646518287719
2647038006643
2647512314642
2648437203784
2649310124534
2649668615562
2650633132659
2651515570770
2652340402916
2653304675215
2653618822659
2653974540340
2654107813546
2654387101988
2655235757307
2656017110520
2656062557674
2656522403775
2657490989162
2657603746221
2657862656367
2658276247453
2658411443860
2658629234666
2659077558358
2659483979781
2659541359184
2659677666865
2659855918338
2660070611951
2660316794326
2660858889759
2661114100359
2661300666478
2661743927897
2662294722111
2662444909015
2663145858177
2663314623803
2664175640873
2664904682444
2665818017359
2666693449675
2666855662102
2667612506792
2668187801739
2668270265600
2668432308497
2669238252348
2669493877097
2669897688212
2670372142681
2670415860876
2670505469735
2670896866233
2671040920580
2671191549016
2671450208565
2672409185014
2672452105993
2672603307238
2673007594985
2673121364855
2673903731487
2673963446948
2674248794994
2674762583949
2675092031780
2675981393133
2676751643707
2676867004598
2677542898189
2677703533821
2678494831309
2679108873455
2679154527006
2679359983732
2679732947814
2680413150007
2680562534801
2680708108964
2681095532262
2681209314697
2681927756918
2681937579321
2682673020340
2683615242047
2683949769481
2684046211959
2684158651187
2684439894226
2685000754144
2685871564851
2686016877341
2686211592370
2686947972133
2687304401291
2687925868258
2688142751697
2688184841530
2688246924174
2688350403378
2688782233970
2689494719202
2690007046747
2690135359314
2690790276671
2691256231901
2691465696996
2692408407682
2692610014683
2693196182593
2693199093087
2693489252323
2693905279133
2694571342590
2695413643415
2695553569542
2696036053170
2696696807287
2697473190726
2698030354246
2698628894844
2698717503499
2699043508769
2700016855765
2700358805354
2700514615302
2700615378525
2701041207369
2701771251952
2702539970237
2703189348813
2703411185455
2703934414800
2704091828910
2704963588953
2705834227921
2706446045945
2706732451611
2707183641955
2707850639670
2708054687531
2708752430575
2708803638221
2708806848625
2709628918392
2709729695229
2710336006399
2710663344292
2711374613578
2711449766367
2712296347207
2712928802848
2713783501734
2713784874026
2714187592039
2714805328640
2715736896584
2716388725843
2717132616384
2717679636882
2718132621985
2718817775337
2719337547330
2719549104304
2720265426541
2720414349904
2720524947368
2721220753949
2721251829949
2721730028385
2722214085210
2722458632074
2722462422611
2723170284399
2723352346917
2723431977054
2723437025443
2724328619001
2724913855015
2725238240787
2725884610814
2726113733471
2726773867549
2727225425971
2727333200414
2728141767483
2728378342070
2729026829312
2729290293123
2730219104141
2730407967013
2731244461385
2731835188445
2732253665946
2732980297704
2733831624955
2734279786855
2734676821122
2734948426315
2735304876083
2735561241043
2735602096630
2736430389118
2736515267289
2737255480760
2737743547462
2738541254161
2738940379428
2738989795806
2739411117097
2740374497726
2740792613888
2741560162486
2741768325400
2742152156994
2742294326918
2742963914419
2743277259709
2743313717573
2743424929879
2743694731607
2743964488896
2744452675380
2745099273961
2745414098587
2745846521664
2746023565084
2746571001919
2746688402689
2747404155148
2747441050369
2747741907317
2747972395147
2748154827333
2748821772096
2749783230412
2750020129938
2750550557164
2751136796850
2751870091148
2752183797240
2752828313955
2753680086671
2754414694521
2755002837856
2755325271271
2756034231965
2756071947477
2756787400169
2757423439984
2758036224736
2758140537291
2758170867222
2758412314492
2759230582322
2759922780125
2760571638658
2761222438582
2761312429595
2761547990978
2762025744565
2762540093120
2762864284652
2763639585141
2763755145181
2764474555460
2764675799442
2765438608372
2766094036751
2766139586241
2766573356689
2766613766139
2766694231416
2767327180302
2767635447643
2767953784346
2768579104956
2768816599700
2768870562827
2769244267710
2769783211640
2769921506929
2770866535391
2770979000575
2771396998864
2771573808927
2772077351946
2772707433221
2773106562422
2774099653868
2774216326856
2774752935000
2775376965451
2775640124081
2776557896067
2776722838868
2776871350835
2777481286064
2778076087926
2778588536685
2778746428590
2779576700229
2779732215592
2780500469822
2781327049760
2781483971770
2782418283895
2783141681300
2783896943707
2784304750443
2784501457202
2784865493591
2785821805201
2786749861535
2787636790426
2788068056677
2788511684225
2789397289398
2790313266647
2790380853026
2790685936711
2791675658350
2791894888787
2792167144475
2792211622230
2792867004462
2793392724461
2793394282355
2793890988144
2794502338543
2794562159227
2794694152709
2795160238184
2796087157771
2796521508674
2796952598391
2797685789548
2797693203189
2798327481767
2798855624191
2799225316878
2799484886334
2800115925996
2800770801306
2801058751577
2801793363528
2802081061167
2802299824480
2802716988333
2802748047872
2803560558648
2803740140665
2803972438921
2804811241633
2805152428977
2805980071099
2806362986336
2807068407036
2807644941526
2808513389755
2809206670357
2809671360501
2810346576990
2811244847099
2811571300026
2812217762134
2812517087901
2812574066933
2812579361720
2813377345756
2813621152011
2814177788813
2814241648048
2814327424911
2814916074983
2815806954899
2815882296573
2816786268918
2817616216141
2818059940142
2818874189605
2819333677318
2819590392635
2819984205343
2820795660466
2821420042623
2821704169766
2822402003204
2823163471780
2824159865190
2824205462172
2824551835952
2824631010308
2824944587013
2825599030082
2825637406180
2825736450347
2826728510237
2826979743627
2827620330228
2827863361616
2828008633347
2828950773095
2829048741655
2829711600422
2829928104404
2830251117848
2831060221285
2831868557504
2832036637083
2832197574473
2832314167892
2832725687594
2832972919877
2833960457047
2834363936193
2835167524108
2836092723413
2836351541084
2837043453796
2837315351368
2837934274512
2838056720971
2838058230758
2838856542343
2839320730516
2839871709527
2839973716798
2840150383318
2841003249451
2841999136837
2842527745247
2842618973883
2842701214940
2843629682151
2844389538643
2845131002330
2845260466499
2845699789968
2845729725516
2846002925779
2846014850609
2846923521376
2847803082327
2848445188048
2848856409766
2849240973765
2849526487605
2850404526313
2850837848152
2851469024005
2851768348675
2852747604164
2853086703932