200
3 3
4 3
4 1
3 5
5 2
6 3
7 4
8 25
10 3
72 2
16 4
10 53
100 3931
99 3
6 4
4 10
11 2
11 65
12 2
5 14
21 5
96 2
8 35
9 3
87 3
10 5
9 2
39 2
100 5050
100 2
99 5
8 5
8 3
9 4
7 16
3 1
10 1
8 2
4 2
88 5
3 6
4 9
4 5
8 36
6 5
84 3
18 5
9 45
11 3
7 24
2 2
99 1
9 40
99 4
12 78
7 2
88 3
5 3
11 1
57 3
9 43
5 1
99 2
8 4
100 3
100 4044
100 5
100 5049
12 76
11 45
6 20
10 55
12 77
2 1
27 4
9 5
12 3
7 28
10 2
5 13
5 6
7 1
9 20
5 4
99 4649
6 1
82 2
2 3
20 2
3 2
12 36
12 44
8 12
11 4
10 30
6 9
36 4
99 4949
7 26
6 19
12 4
7 3
84 4
3 4
100 1
9 1
7 12
7 5
100 4
11 61
9 10
6 15
5 15
7 27
4 8
4 4
11 5
10 54
99 981
12 1
1 1
8 1
5 5
8 19
11 64
99 4950
10 13
100 3616
64 5
99 4948
11 28
12 34
99 695
9 44
100 5048
8 34
89 3
6 21
6 2
11 66
70 5
12 5
20 4
10 4
91 2264
68 2151
15 115
42 489
22 231
50 746
96 1918
79 702
27 113
75 851
76 1867
69 1892
93 1580
90 3083
59 462
11 36
70 575
52 1092
67 319
76 1826
43 834
30 421
73 342
67 1135
99 3271
29 52
63 149
35 481
81 1254
70 720
97 56
27 135
40 442
89 2765
63 1306
29 195
54 294
32 76
59 1564
76 1036
6 12
5 12
95 136
43 636
42 858
14 56
84 1473
17 100
70 1226
45 486
14 94
91 403
35 360
54 68
58 1051
14 48
