256
1 118
1 235
118 250
1 26
250 254
235 85
118 127
26 148
1 217
85 63
26 90
26 120
1 126
118 137
85 176
26 216
216 52
148 35
90 231
35 143
52 193
176 22
235 108
235 101
101 232
254 115
118 19
137 13
22 62
19 195
118 122
26 124
26 32
127 239
254 14
63 25
231 78
90 190
217 53
190 175
101 218
190 59
14 49
218 253
14 73
126 138
19 219
217 213
26 7
235 128
190 134
122 224
78 100
232 149
85 214
126 133
78 23
217 67
49 77
224 106
115 112
25 189
190 220
253 114
23 199
23 202
63 9
149 91
128 226
149 166
115 142
133 178
85 181
231 188
101 132
143 243
122 72
35 47
7 103
214 156
63 183
175 159
132 10
175 84
84 66
66 236
73 206
127 252
101 234
124 201
254 153
217 34
193 191
148 241
236 6
132 168
103 240
214 130
219 113
73 173
181 204
137 212
23 180
239 33
217 74
34 246
14 94
220 104
246 255
128 65
181 167
132 158
108 51
85 29
142 15
91 97
32 76
33 147
153 5
67 75
126 154
206 46
32 151
23 146
25 230
252 131
146 165
26 247
101 28
133 150
202 256
47 70
150 155
219 30
104 20
155 44
217 11
148 31
176 196
53 251
147 45
235 71
153 160
73 237
1 80
44 39
202 245
85 123
45 174
1 244
45 225
206 18
149 141
245 88
166 192
118 135
224 222
1 105
9 140
138 210
244 211
113 102
124 21
80 50
201 169
7 249
154 238
211 68
168 43
74 107
53 17
202 2
23 177
63 184
32 58
237 82
62 172
240 223
33 116
176 163
19 24
163 129
150 37
217 152
43 185
51 36
151 86
173 157
120 41
218 171
39 161
201 119
240 198
159 233
152 42
195 12
176 179
154 164
45 55
179 111
62 27
10 69
224 60
235 200
213 83
24 64
160 121
212 182
11 139
12 221
249 93
34 187
74 207
174 125
198 3
220 197
94 209
231 170
240 186
1 248
149 227
5 81
177 96
218 203
94 98
11 194
158 95
93 144
250 145
156 208
156 61
14 228
121 56
243 136
14 89
140 38
32 162
227 110
246 57
228 117
29 215
252 99
183 54
72 242
96 92
112 87
70 8
157 4
4 40
162 109
72 16
235 48
147 229
7 79
164 205
752 981 516 764 289 732 199 400 718 513 979 646 238 133 283 566 498 304 199 585 894 920 915 18 474 885 681 358 285 146 301 388 126 817 503 414 900 701 166 969 213 496 614 802 628 249 368 477 552 566 413 797 837 679 167 311 916 847 20 200 992 321 587 470 137 90 235 388 142 400 357 707 895 970 508 875 218 875 703 122 793 468 270 981 146 436 643 61 282 663 612 626 983 551 95 471 992 681 858 133 81 214 839 327 536 347 553 753 573 256 226 365 723 848 698 220 283 340 281 917 2 244 542 336 794 988 806 785 668 664 918 100 229 108 427 764 806 331 869 379 586 94 95 660 293 792 880 576 132 512 844 485 755 737 821 901 724 978 37 743 993 954 843 222 414 621 985 219 951 853 597 889 299 44 548 591 835 779 166 318 642 361 155 397 97 327 649 172 304 685 915 297 991 109 518 404 729 854 974 31 707 923 919 5 966 819 595 152 597 113 470 239 473 624 987 922 950 987 93 253 23 359 901 13 467 770 768 547 624 94 930 330 16 200 686 333 18 280 484 967 392 953 557 217 928 895 490 877 233 582 482 255 293 734 268 759 
