64
1 40
1 64
1 8
40 32
8 7
40 20
1 63
1 26
32 45
7 6
1 47
47 14
64 48
63 33
63 55
63 30
55 62
7 44
47 23
20 17
45 50
1 18
62 27
18 28
64 52
52 59
14 37
17 2
63 58
20 13
55 53
8 25
64 54
28 19
28 4
37 15
14 61
45 60
59 22
50 12
44 21
53 38
25 56
4 16
61 34
53 10
28 31
48 11
7 35
48 49
22 42
47 5
53 3
13 43
30 9
49 29
19 24
18 57
62 36
56 41
27 51
36 46
56 39
59 97 51 4 63 39 96 68 22 90 52 89 47 60 12 12 98 14 4 74 16 61 15 65 45 73 28 48 42 94 34 100 91 36 55 5 74 51 24 95 92 75 35 38 87 99 2 84 64 57 57 79 17 71 95 61 95 23 60 88 16 45 39 58 

64
1 25
1 62
62 16
25 61
61 55
62 50
62 23
62 18
1 54
16 5
55 63
5 4
16 39
55 33
5 46
55 59
61 27
1 32
54 49
27 15
33 14
61 45
59 20
39 41
39 53
41 42
23 28
42 6
15 40
16 29
25 60
4 13
60 7
62 31
59 19
29 64
13 52
1 51
49 35
53 2
2 48
32 58
33 24
32 38
64 11
20 43
4 10
24 3
54 47
23 57
52 26
29 56
51 9
26 17
40 8
50 36
64 21
36 30
21 34
15 37
3 12
12 22
60 44
9 89 87 98 46 8 27 38 30 64 64 22 16 99 7 53 81 4 43 95 12 5 56 74 38 63 50 90 25 36 50 33 24 36 31 21 95 9 58 24 72 21 98 87 19 56 91 51 59 34 98 22 90 53 47 27 68 97 68 44 32 17 76 55 

64
1 58
1 39
1 59
39 4
39 41
58 17
39 33
17 10
39 61
39 56
4 32
59 36
58 64
36 18
33 5
18 22
56 42
4 30
64 34
39 11
4 55
1 2
41 43
10 26
61 38
2 51
59 23
1 40
11 27
32 12
33 9
42 6
41 37
32 47
30 25
17 35
56 3
37 20
11 8
56 63
30 46
39 13
26 15
12 45
46 44
33 57
5 7
46 29
58 21
10 54
41 49
40 28
1 48
20 53
37 14
34 24
58 60
61 50
46 19
25 62
11 52
37 16
33 31
85 31 42 46 89 54 21 33 10 56 87 77 92 26 47 39 85 74 94 42 71 80 1 2 35 44 59 27 87 50 9 72 80 3 17 20 56 90 53 65 97 91 93 89 16 39 79 52 12 24 45 35 56 45 36 42 89 46 69 75 96 29 98 27 

64
1 7
7 36
1 48
36 14
1 59
36 42
59 46
42 4
59 55
36 3
55 61
36 52
46 50
36 38
48 40
4 51
55 10
40 44
7 9
50 21
55 54
48 19
40 32
48 45
55 31
44 23
52 11
7 41
52 33
41 16
61 47
38 15
38 12
9 28
11 20
19 63
54 56
32 49
59 27
61 24
32 34
48 17
63 18
20 58
63 26
34 64
21 30
23 43
51 53
56 5
9 37
18 13
59 29
15 6
34 2
24 57
15 39
53 62
4 22
56 8
22 25
63 35
14 60
75 3 94 55 40 25 45 83 88 36 3 21 39 89 35 64 77 24 19 64 17 15 28 42 4 8 16 47 68 22 84 95 76 30 49 15 54 45 49 93 80 3 66 70 43 100 86 71 23 4 34 91 70 14 32 73 73 99 71 40 20 7 86 95 

64
1 35
1 48
35 10
1 47
47 57
57 30
10 18
18 63
30 38
1 61
48 9
38 13
61 46
61 42
10 41
63 20
46 15
38 45
15 2
57 21
20 55
30 43
21 56
15 44
48 50
2 24
1 12
41 5
48 60
18 28
60 64
63 7
15 29
42 62
29 40
44 53
18 14
38 25
46 49
24 58
58 51
57 31
12 37
35 54
38 39
18 17
62 34
10 22
17 36
45 32
50 23
38 19
43 52
24 26
64 11
14 3
13 59
57 8
24 4
59 6
25 27
2 16
17 33
9 10 4 3 10 2 5 8 3 8 10 1 8 5 8 8 2 3 9 7 8 4 2 4 1 9 8 5 6 3 3 4 4 6 9 3 10 3 10 2 10 9 5 9 6 2 9 9 6 7 5 3 2 6 8 4 6 5 8 1 9 1 7 2 


128
1 25
1 22
1 26
1 79
79 50
25 67
50 54
1 47
25 74
26 10
74 63
63 126
26 38
50 16
10 28
54 30
63 97
22 60
54 88
88 27
67 3
22 95
38 87
60 52
87 20
10 89
88 39
89 24
67 59
25 21
20 122
28 107
52 69
54 118
39 7
118 77
122 49
67 13
20 109
87 19
97 91
28 101
16 33
74 68
74 115
63 82
97 110
52 76
24 94
107 100
10 37
27 53
76 40
20 92
24 116
67 108
52 18
101 120
26 112
88 81
89 105
74 56
1 86
76 42
100 84
108 44
59 55
97 14
63 104
21 65
105 117
79 121
107 119
79 15
101 124
24 99
99 111
60 64
49 102
111 83
10 70
86 9
76 4
22 17
59 11
21 6
39 75
105 34
22 80
99 71
34 125
15 66
104 106
91 57
10 31
6 46
108 127
111 45
106 113
47 93
17 73
104 32
81 90
7 8
22 128
117 58
53 103
22 35
120 29
60 43
76 41
124 12
50 61
38 96
65 2
47 78
2 48
48 123
57 85
124 114
115 72
73 98
15 36
31 62
72 5
46 51
39 23
266 81 105 581 348 265 396 671 541 555 470 423 383 561 811 718 908 633 916 767 974 699 500 205 418 734 679 5 220 975 355 485 55 459 65 402 75 813 424 616 719 893 38 101 805 200 170 64 184 86 831 157 136 330 713 553 415 743 557 634 717 912 470 123 722 535 876 797 699 299 764 417 543 153 870 699 352 39 763 535 476 593 43 611 274 107 515 688 850 424 673 918 687 142 41 760 28 268 556 726 567 671 495 461 823 364 512 526 754 274 412 230 218 806 192 491 913 59 530 114 482 202 31 520 343 423 279 723 

128
1 81
81 103
103 109
81 48
48 47
47 99
47 69
99 51
81 82
47 80
80 52
51 100
48 79
79 29
81 83
80 91
69 77
79 19
99 5
19 9
29 122
99 116
69 57
19 71
79 27
80 104
104 30
71 38
57 101
91 64
80 107
52 73
71 21
64 75
48 114
99 84
77 93
83 115
75 45
100 120
79 119
120 98
30 110
119 118
57 17
119 53
120 124
1 55
84 23
75 49
109 85
103 24
49 89
114 117
117 13
107 11
110 4
64 3
80 26
9 68
11 20
30 6
4 31
82 106
38 16
114 42
106 96
98 14
104 2
106 113
110 41
79 88
41 67
24 40
24 112
20 70
85 12
1 102
67 61
47 36
2 92
109 34
47 127
55 22
4 86
81 78
9 50
79 15
127 39
61 58
52 37
34 87
120 65
64 46
4 126
85 90
21 125
93 10
11 105
45 8
67 121
34 28
57 18
30 97
61 44
64 128
118 108
92 7
128 95
79 66
86 94
96 33
18 76
27 56
61 59
55 54
41 72
114 63
15 32
33 62
75 123
80 43
119 25
31 111
90 60
17 35
115 74
575 130 454 644 431 715 311 271 959 971 649 506 380 350 360 456 135 301 478 517 859 723 744 590 814 769 38 520 652 232 469 226 361 274 222 791 341 884 413 299 854 413 156 585 763 515 40 897 167 517 765 25 592 509 966 405 629 355 277 280 586 97 857 298 370 430 440 710 665 853 361 870 265 868 454 27 735 846 275 901 714 40 278 305 900 595 62 880 950 338 159 887 434 367 537 155 149 976 217 813 180 577 683 797 796 488 175 530 685 450 431 399 841 708 703 740 654 764 619 955 101 129 842 886 847 730 41 995 

128
1 34
34 68
68 120
34 35
34 22
35 10
120 117
1 45
10 125
34 59
120 23
59 90
117 91
125 26
26 99
117 116
90 61
59 15
15 122
125 102
34 33
1 20
102 73
33 110
10 2
35 118
102 39
110 67
22 43
116 113
59 111
125 126
117 3
125 93
113 76
43 51
125 32
73 94
35 87
125 72
91 60
126 78
67 92
32 21
87 25
110 14
35 71
90 64
35 69
34 89
72 101
20 103
117 56
122 128
94 95
72 12
21 50
73 80
102 70
22 28
72 16
64 82
22 48
95 19
122 37
93 44
33 55
95 77
3 85
50 109
68 9
92 123
69 119
92 58
28 127
113 40
85 79
58 49
49 84
10 53
110 8
35 121
80 30
56 38
51 5
126 112
84 74
30 105
40 57
56 65
26 27
69 86
93 75
78 46
37 4
40 41
12 17
93 108
40 54
50 83
54 100
92 96
59 104
59 62
15 24
68 81
83 63
5 47
89 114
57 88
72 7
22 115
69 11
125 98
128 52
54 6
92 97
2 107
28 13
4 124
71 29
11 106
82 31
33 66
79 36
27 18
100 42
342 958 210 538 545 658 522 641 613 368 277 513 61 357 106 21 685 233 480 200 471 606 765 90 35 807 542 305 287 647 878 628 604 87 517 501 96 38 141 709 757 769 573 818 478 678 838 162 911 669 361 733 626 478 822 12 284 715 668 922 713 545 901 669 631 417 169 79 806 661 139 563 782 711 732 259 389 921 420 651 589 780 735 566 609 908 577 893 622 596 166 687 141 67 355 123 483 875 201 289 535 339 203 316 50 934 926 790 854 345 440 794 477 526 711 85 433 639 329 406 234 495 92 374 913 798 497 747 

512
1 255
255 209
255 278
209 408
209 480
278 498
480 453
480 182
498 343
453 93
480 290
1 273
93 192
408 220
182 282
192 238
278 460
220 26
273 224
460 128
224 322
408 469
255 49
469 82
469 340
273 46
128 24
128 260
282 459
209 136
46 184
453 424
192 131
408 166
166 324
424 148
238 435
166 258
258 312
148 72
469 230
1 320
93 485
485 370
340 420
453 197
255 279
273 291
290 378
184 239
312 361
82 208
128 434
131 27
361 244
26 269
340 95
209 187
26 248
435 509
248 19
260 251
93 121
434 215
435 256
255 30
224 308
434 403
269 37
184 116
224 304
248 441
239 359
238 147
340 274
453 181
460 200
255 115
359 373
378 156
24 83
460 428
148 332
19 173
224 13
320 479
453 411
312 14
343 448
251 78
46 339
373 431
82 211
215 113
343 276
136 109
95 467
173 94
37 9
147 286
322 45
339 236
373 57
339 345
230 6
224 400
147 225
434 383
230 335
93 25
30 315
211 206
184 406
467 266
290 425
6 39
37 404
82 158
479 150
424 253
209 127
498 257
93 91
485 212
24 382
27 17
400 288
343 333
332 412
288 74
403 367
411 63
420 170
95 287
257 381
94 317
166 275
248 99
1 65
121 437
381 465
13 319
319 66
25 61
333 305
308 455
412 3
253 396
255 176
335 281
9 55
37 42
27 229
212 112
25 375
411 440
95 272
269 318
276 454
94 165
229 497
286 56
206 463
158 475
37 495
27 80
367 76
39 452
253 337
42 350
24 283
420 473
332 16
305 352
375 178
224 177
312 5
150 494
46 259
49 7
211 183
208 284
248 163
251 351
465 415
290 98
173 88
61 298
382 407
345 62
315 242
76 254
318 364
255 262
403 214
473 233
220 462
257 97
408 188
27 77
236 496
5 117
333 302
183 385
382 311
9 137
91 152
305 204
298 360
9 33
98 426
284 292
305 366
496 89
460 310
276 325
437 456
204 11
343 326
113 295
375 22
361 107
98 418
332 203
121 270
463 397
352 218
19 395
266 357
456 186
209 487
475 401
239 261
39 135
479 365
364 368
261 472
326 363
244 416
364 349
395 348
281 358
279 445
385 387
349 146
57 331
291 12
150 461
434 123
463 54
359 100
302 296
137 119
480 355
5 60
89 154
361 101
166 402
270 216
66 75
75 235
352 73
440 285
156 492
373 250
416 21
248 314
26 129
455 277
5 507
46 362
345 155
424 174
27 79
373 81
176 50
224 474
238 194
255 222
295 489
208 490
489 347
22 228
229 301
254 506
463 51
435 139
121 414
304 160
186 369
76 132
474 430
230 10
395 241
408 231
408 110
350 68
440 243
197 167
290 264
12 471
75 423
455 43
262 329
178 449
60 153
333 338
463 219
359 263
219 31
101 96
441 444
367 389
257 18
177 252
362 268
33 478
329 436
361 505
426 205
275 28
224 432
448 193
117 390
5 393
362 336
156 202
361 103
452 476
160 157
498 227
295 234
340 443
16 105
95 52
495 309
301 265
82 108
411 120
357 371
254 240
88 179
296 267
311 353
473 344
494 23
455 470
254 171
452 145
487 299
299 159
368 323
26 399
230 439
209 504
452 451
304 372
363 64
263 36
381 196
228 297
54 486
385 126
423 237
486 213
18 85
443 87
286 374
240 133
463 271
248 468
227 92
265 29
135 172
389 140
66 191
291 8
492 69
453 4
158 185
131 210
495 207
277 41
455 294
408 458
21 59
55 421
163 249
416 168
216 503
194 44
324 34
80 380
204 346
126 341
504 35
89 84
105 376
267 508
63 502
378 58
485 15
147 190
357 138
299 169
84 217
259 512
7 392
352 417
6 500
234 483
383 334
298 438
467 356
283 122
210 306
344 427
355 442
283 398
469 450
339 149
236 384
424 422
183 180
68 114
158 70
110 90
219 293
392 457
358 511
329 102
364 175
306 354
305 413
281 198
103 151
26 410
209 223
449 488
496 493
21 162
200 377
325 111
493 118
70 447
473 491
75 142
490 477
348 38
506 405
358 289
136 327
231 313
36 386
265 316
138 47
375 394
320 247
113 388
21 409
223 482
451 391
77 446
277 53
348 280
371 330
470 201
114 161
441 164
30 321
319 86
90 195
344 300
122 245
162 307
399 501
86 134
495 104
153 67
268 246
132 303
462 226
416 40
346 143
225 232
158 484
6 71
492 130
312 433
264 106
81 481
57 199
367 125
283 32
133 419
399 429
73 510
162 141
287 20
136 221
169 379
262 499
43 124
248 144
208 48
474 342
174 464
218 2
242 466
411 189
256 328
135 721 331 785 188 844 481 490 875 712 222 94 274 155 360 860 422 272 3 401 49 691 809 521 54 521 6 1000 358 2 645 845 75 976 629 262 171 462 103 45 525 677 490 150 183 202 9 604 825 11 4 873 702 812 745 107 684 751 459 394 104 103 238 530 78 218 144 249 31 246 645 907 922 487 56 456 688 417 59 512 427 414 384 480 578 128 939 261 230 397 6 686 499 243 215 929 461 358 529 843 956 525 750 229 11 805 685 698 221 95 209 1000 509 944 831 438 424 121 50 5 517 56 42 368 298 257 648 110 966 176 953 921 52 702 502 63 858 186 760 431 280 321 430 140 616 612 577 39 733 627 396 601 682 437 968 331 45 967 441 11 142 745 283 546 446 784 608 655 321 719 85 601 39 866 92 655 478 669 45 210 647 440 810 680 229 130 10 273 96 802 283 590 546 918 135 343 53 742 350 374 812 434 326 851 300 769 857 129 437 253 690 435 45 851 114 273 332 124 545 428 277 180 369 823 449 503 517 501 596 866 226 759 652 903 609 303 672 817 431 460 422 120 895 466 322 8 738 654 483 634 433 760 813 801 934 261 655 450 114 602 668 691 360 319 594 321 621 265 137 403 76 910 874 970 375 195 330 112 848 812 98 632 571 910 432 856 523 86 306 988 39 325 678 399 995 271 719 615 887 207 369 315 117 242 284 843 436 965 307 636 777 404 267 699 665 51 555 539 488 212 526 527 888 556 925 882 178 995 848 65 553 216 731 21 457 366 864 244 331 170 231 107 573 850 157 589 900 63 128 387 274 653 913 161 208 189 42 386 535 241 802 88 456 532 460 264 897 323 508 579 844 738 685 768 587 194 357 838 256 484 225 882 488 489 42 48 678 436 785 564 676 586 3 484 469 463 747 717 137 254 296 981 344 332 100 282 877 456 120 133 291 696 14 131 184 407 178 213 194 962 777 222 899 779 705 719 593 451 435 730 57 82 62 752 766 513 33 642 969 504 774 611 199 139 741 383 546 270 595 91 231 723 312 481 854 16 199 446 819 986 527 227 67 588 978 184 101 362 826 421 218 951 383 416 90 476 150 987 745 97 77 976 819 741 456 24 108 655 470 926 640 996 504 58 936 833 242 388 547 419 808 764 369 542 531 810 17 681 148 762 129 225 

512
1 5
1 80
1 11
11 214
80 233
1 96
80 362
1 459
362 194
11 33
96 229
33 44
362 179
362 453
1 299
233 504
5 82
229 224
33 249
453 219
219 165
362 97
96 197
362 384
453 489
197 2
5 405
2 84
179 343
197 424
82 90
343 127
224 195
299 335
459 438
384 280
165 342
335 239
239 417
11 377
233 511
249 217
384 52
214 28
438 61
97 211
217 167
61 365
28 291
217 155
84 6
239 252
1 488
90 475
127 10
384 235
5 254
459 108
224 316
291 22
511 502
384 323
475 9
438 296
84 99
108 505
502 267
108 153
342 324
362 247
438 302
362 310
82 375
52 213
229 368
167 79
342 166
6 294
316 495
9 162
211 94
11 483
459 65
224 508
377 266
194 402
402 35
342 143
508 433
94 12
6 69
316 206
342 298
298 62
167 198
298 202
296 333
368 407
229 118
94 116
407 491
375 258
342 85
61 367
61 305
217 37
511 57
424 228
79 440
85 398
228 278
298 201
96 248
491 391
433 313
69 369
266 484
143 157
302 104
35 133
291 397
52 241
508 353
213 420
2 31
143 39
258 110
97 232
133 92
229 277
157 66
97 318
277 497
369 371
229 455
195 427
5 142
475 47
310 480
397 326
433 93
85 171
249 75
57 352
305 325
352 184
504 303
335 467
440 289
65 478
247 115
299 87
313 334
391 191
12 354
277 474
97 503
198 283
217 222
213 431
162 73
277 387
219 204
82 444
488 399
235 220
84 112
232 101
1 396
326 510
488 314
39 476
343 159
44 477
171 443
202 154
335 509
247 281
204 63
10 174
174 148
503 481
191 436
397 227
61 225
503 190
407 263
478 138
334 107
202 331
267 408
65 445
247 496
436 454
417 42
84 122
127 273
483 284
165 419
323 123
162 430
488 434
303 394
61 59
206 240
47 170
445 89
142 145
35 180
398 221
438 48
342 36
162 120
436 409
394 345
302 482
323 193
194 17
420 245
495 320
48 78
235 86
11 41
179 269
232 321
33 72
138 404
375 26
26 175
245 463
22 271
31 426
333 210
277 304
404 487
440 386
454 461
483 292
75 423
228 231
127 230
232 32
294 68
184 346
321 64
334 471
201 422
241 147
9 83
138 251
153 418
292 121
476 432
299 244
353 393
225 38
505 442
11 135
63 40
387 144
201 357
184 238
133 81
195 188
436 18
510 226
291 119
144 401
127 449
398 56
407 15
217 312
304 500
430 187
343 400
93 77
511 182
354 181
281 264
320 126
333 203
502 286
354 348
342 457
267 437
101 389
26 288
238 415
345 250
463 337
116 388
357 494
203 421
180 338
184 390
122 479
68 308
397 466
477 395
198 272
72 297
187 275
57 34
175 172
35 30
190 186
487 67
148 372
195 185
165 360
154 74
28 13
289 470
239 129
245 54
354 168
377 212
500 106
126 282
94 102
211 416
148 141
266 351
391 46
144 208
168 183
303 124
226 105
194 501
436 27
26 20
273 507
371 8
416 364
195 134
375 253
453 55
232 486
5 374
335 139
1 268
188 71
241 336
153 492
323 128
81 379
139 150
20 435
72 95
402 189
437 125
440 290
235 4
106 392
105 242
258 473
155 156
387 3
123 163
432 76
387 256
362 403
494 381
76 164
6 161
381 58
477 370
41 376
420 413
181 285
442 111
127 218
84 178
68 53
286 207
142 103
40 200
387 332
67 315
365 98
69 29
96 117
457 45
155 447
193 91
163 309
377 349
101 340
244 339
13 458
481 456
459 234
375 498
296 136
471 425
108 261
272 257
391 216
495 493
22 448
398 319
253 130
416 196
117 173
153 330
292 7
224 293
222 262
487 358
115 137
318 378
358 452
509 51
18 24
36 114
230 363
201 355
405 109
47 350
8 410
440 344
252 113
345 260
154 373
336 158
41 439
48 450
399 460
291 307
143 356
241 140
29 88
489 25
442 132
475 361
235 49
86 255
284 366
262 380
7 383
426 259
307 385
239 100
426 192
46 265
127 151
285 237
275 429
227 464
187 411
349 223
415 146
220 499
46 341
444 152
34 205
444 317
254 300
59 412
120 287
252 468
90 60
503 329
52 406
49 209
374 21
331 176
154 16
261 246
248 279
281 446
205 327
122 506
464 328
249 276
425 177
496 490
90 70
509 428
377 469
185 160
394 311
486 382
69 19
256 14
123 43
227 270
228 306
431 472
69 236
272 301
121 414
453 359
80 451
371 441
124 215
430 149
482 169
106 512
97 465
447 243
48 50
489 274
490 131
206 295
188 23
213 199
107 462
275 485
415 322
447 347
325 19 371 930 998 412 704 64 435 215 345 838 436 752 917 358 253 579 120 759 793 562 567 176 728 918 847 468 59 36 454 383 406 176 312 403 588 15 818 374 581 162 563 17 913 831 726 517 409 845 276 554 407 194 81 486 463 927 953 521 962 758 903 720 934 566 122 873 933 940 598 513 453 160 881 366 990 606 234 751 803 861 656 561 54 736 46 869 662 350 389 976 459 644 695 744 209 816 616 141 107 213 654 560 724 886 277 66 492 510 816 294 723 823 854 776 558 251 644 571 600 385 546 58 28 592 802 236 408 769 729 866 334 382 777 409 267 53 474 110 915 641 755 637 463 960 764 372 210 760 943 161 144 488 571 523 80 724 110 839 844 838 56 177 219 833 938 838 237 411 299 151 404 54 139 866 13 903 590 575 14 532 735 157 371 657 31 802 380 140 992 224 978 48 752 548 232 689 385 468 452 684 971 855 89 109 72 453 363 661 27 376 192 114 884 915 770 914 716 150 54 60 725 31 459 476 578 690 517 315 157 968 350 479 174 438 588 245 890 302 906 269 678 449 382 913 715 503 827 783 4 232 842 728 262 300 556 191 341 424 857 497 391 558 328 564 347 915 160 237 568 65 857 245 866 590 158 580 92 336 362 96 567 203 175 180 854 82 722 194 505 579 43 247 136 370 162 483 636 322 71 203 738 279 800 603 868 309 183 311 644 896 406 562 451 933 741 304 14 462 850 871 392 892 117 880 613 279 714 248 952 136 802 689 766 953 292 633 261 826 943 256 721 701 817 523 633 557 827 998 371 28 868 114 271 337 345 883 967 58 482 918 545 283 606 310 236 249 294 848 74 589 104 147 289 272 669 273 829 847 622 551 874 490 16 144 178 361 378 144 770 859 61 315 494 18 976 81 267 270 928 340 858 383 838 498 655 507 770 835 705 391 737 931 232 752 426 409 112 804 904 882 662 316 548 507 334 523 587 600 792 867 291 1 249 129 498 255 987 619 89 43 10 825 973 593 929 399 354 40 202 257 273 215 925 820 722 258 343 660 209 486 526 499 839 127 979 688 381 317 307 822 360 668 998 332 260 926 730 965 966 283 574 590 498 498 410 571 107 104 230 315 941 756 165 131 882 144 819 614 812 125 435 171 792 433 855 403 358 936 368 675 

256
1 118
1 235
118 250
1 26
250 254
235 85
118 127
26 148
1 217
85 63
26 90
26 120
1 126
118 137
85 176
26 216
216 52
148 35
90 231
35 143
52 193
176 22
235 108
235 101
101 232
254 115
118 19
137 13
22 62
19 195
118 122
26 124
26 32
127 239
254 14
63 25
231 78
90 190
217 53
190 175
101 218
190 59
14 49
218 253
14 73
126 138
19 219
217 213
26 7
235 128
190 134
122 224
78 100
232 149
85 214
126 133
78 23
217 67
49 77
224 106
115 112
25 189
190 220
253 114
23 199
23 202
63 9
149 91
128 226
149 166
115 142
133 178
85 181
231 188
101 132
143 243
122 72
35 47
7 103
214 156
63 183
175 159
132 10
175 84
84 66
66 236
73 206
127 252
101 234
124 201
254 153
217 34
193 191
148 241
236 6
132 168
103 240
214 130
219 113
73 173
181 204
137 212
23 180
239 33
217 74
34 246
14 94
220 104
246 255
128 65
181 167
132 158
108 51
85 29
142 15
91 97
32 76
33 147
153 5
67 75
126 154
206 46
32 151
23 146
25 230
252 131
146 165
26 247
101 28
133 150
202 256
47 70
150 155
219 30
104 20
155 44
217 11
148 31
176 196
53 251
147 45
235 71
153 160
73 237
1 80
44 39
202 245
85 123
45 174
1 244
45 225
206 18
149 141
245 88
166 192
118 135
224 222
1 105
9 140
138 210
244 211
113 102
124 21
80 50
201 169
7 249
154 238
211 68
168 43
74 107
53 17
202 2
23 177
63 184
32 58
237 82
62 172
240 223
33 116
176 163
19 24
163 129
150 37
217 152
43 185
51 36
151 86
173 157
120 41
218 171
39 161
201 119
240 198
159 233
152 42
195 12
176 179
154 164
45 55
179 111
62 27
10 69
224 60
235 200
213 83
24 64
160 121
212 182
11 139
12 221
249 93
34 187
74 207
174 125
198 3
220 197
94 209
231 170
240 186
1 248
149 227
5 81
177 96
218 203
94 98
11 194
158 95
93 144
250 145
156 208
156 61
14 228
121 56
243 136
14 89
140 38
32 162
227 110
246 57
228 117
29 215
252 99
183 54
72 242
96 92
112 87
70 8
157 4
4 40
162 109
72 16
235 48
147 229
7 79
164 205
752 981 516 764 289 732 199 400 718 513 979 646 238 133 283 566 498 304 199 585 894 920 915 18 474 885 681 358 285 146 301 388 126 817 503 414 900 701 166 969 213 496 614 802 628 249 368 477 552 566 413 797 837 679 167 311 916 847 20 200 992 321 587 470 137 90 235 388 142 400 357 707 895 970 508 875 218 875 703 122 793 468 270 981 146 436 643 61 282 663 612 626 983 551 95 471 992 681 858 133 81 214 839 327 536 347 553 753 573 256 226 365 723 848 698 220 283 340 281 917 2 244 542 336 794 988 806 785 668 664 918 100 229 108 427 764 806 331 869 379 586 94 95 660 293 792 880 576 132 512 844 485 755 737 821 901 724 978 37 743 993 954 843 222 414 621 985 219 951 853 597 889 299 44 548 591 835 779 166 318 642 361 155 397 97 327 649 172 304 685 915 297 991 109 518 404 729 854 974 31 707 923 919 5 966 819 595 152 597 113 470 239 473 624 987 922 950 987 93 253 23 359 901 13 467 770 768 547 624 94 930 330 16 200 686 333 18 280 484 967 392 953 557 217 928 895 490 877 233 582 482 255 293 734 268 759 
