135081
135081
516
135081
289
135081
199
400
135081
135081
135081
135081
238
133
377
566
498
304
135081
135081
135081
135081
135081
18
135081
135081
135081
135081
431
135081
301
388
126
135081
135081
135081
135081
135081
166
135081
213
135081
135081
135081
135081
249
368
477
135081
135081
413
797
135081
135081
167
313
135081
135081
20
213
135081
321
135081
135081
137
90
235
388
142
135081
357
135081
135081
135081
743
135081
218
135081
135081
122
135081
486
270
135081
146
436
135081
61
415
663
135081
135081
135081
135081
95
471
135081
135081
135081
133
81
214
135081
580
536
135081
553
135081
573
256
392
365
135081
135081
135081
346
283
135081
281
135081
2
135081
135081
336
135081
135081
135081
135081
668
135081
135081
181
229
108
135081
135081
135081
444
869
379
135081
94
95
660
293
135081
135081
135081
132
741
135081
485
135081
135081
135081
135081
135081
135081
53
135081
135081
135081
135081
222
414
135081
135081
135081
135081
853
597
135081
299
44
601
135081
135081
135081
166
318
135081
600
155
397
97
327
649
172
304
135081
915
297
135081
109
135081
404
135081
135081
135081
31
135081
135081
919
5
135081
135081
595
152
135081
113
135081
239
743
135081
135081
135081
135081
135081
93
253
23
135081
901
13
467
770
135081
135081
624
94
135081
135081
16
135081
135081
423
18
280
135081
135081
392
135081
135081
217
135081
135081
490
135081
432
135081
482
255
293
135081
268
759
