1
87 361 321548024
11 61
69299222 703166730
1 2 544657202
2 3 80924225
1 4 610862488
2 5 263419592
4 6 320999159
5 7 806441983
3 8 612082937
7 9 889542121
1 10 288714296
10 11 406895473
5 12 344556896
1 13 590656795
12 14 429100107
8 15 157623743
15 16 560477397
2 17 887259499
13 18 665030787
11 19 178676626
18 20 678959937
9 21 670478700
20 22 976842848
20 23 125188171
4 24 134046776
23 25 613210755
24 26 22431385
17 27 843220966
23 28 403782062
14 29 794340740
6 30 589185667
10 31 912658872
15 32 888795376
3 33 34740681
22 34 358745534
2 35 337131635
17 36 5977208
9 37 450840405
24 38 81806961
36 39 285344427
11 40 554377443
25 41 269370383
17 42 980221576
18 43 866710875
33 44 825992081
33 45 690564441
13 46 641486868
15 47 498139340
30 48 654097145
6 49 823552203
16 50 750601493
15 51 278819965
19 52 277206270
30 53 529786553
1 54 502770222
42 55 375744380
34 56 130464978
1 57 667933618
39 58 783811067
40 59 206582990
1 60 882076594
60 61 637985232
15 62 103119727
36 63 389105545
50 64 153436721
12 65 175840969
6 66 652388099
54 67 55578214
43 68 965400300
5 69 309015121
37 70 589894102
65 71 561617398
50 72 52081442
54 73 279712901
62 74 997175963
72 75 603006468
63 76 611833238
52 77 264903950
17 78 445515252
70 79 106900917
8 80 414035483
3 81 690458796
74 82 233031954
32 83 51913664
30 84 635565917
49 85 363693994
53 86 917073679
6 87 66357241
1 18 993345796
23 73 107263689
48 81 360144955
30 58 282585588
67 1 805468164
29 51 714599082
45 6 342995358
11 15 679644709
49 5 854544775
60 57 760064856
47 36 676993616
3 39 15884366
16 71 76416652
64 5 888443977
49 61 37665552
79 84 276211238
45 50 757910842
33 43 758087991
29 53 519834638
45 1 418637787
66 19 615922481
74 18 531047917
29 73 86982921
80 68 294325734
17 15 513337926
11 61 481129417
52 11 270972664
18 52 323350041
65 84 129887195
57 21 153397748
32 67 858856050
12 25 752826272
48 19 278614869
2 76 746575083
16 73 926864420
85 66 802643995
8 85 451428567
73 58 851032797
65 61 837250913
74 30 45924821
46 3 125708759
52 26 209698341
85 45 256202674
32 78 71797892
43 45 335423613
39 71 356542557
2 52 741584228
34 81 219978613
20 25 665250091
7 43 422990656
85 53 311573536
29 26 881136655
82 40 304212929
60 78 952596451
81 16 846481432
33 84 892614877
83 33 282864727
77 64 958803634
26 87 734057778
52 65 513682897
31 40 248426482
22 53 810337868
67 70 911842228
60 19 804006771
20 85 272045783
19 1 640529767
47 55 40795443
22 38 16099579
67 83 547082659
82 30 722669872
87 20 577236634
9 44 252615147
47 64 188609735
82 21 981471937
9 35 960719280
42 59 188396456
22 1 678973101
73 45 146080599
31 21 412832094
46 85 326832887
82 85 845509530
52 15 584783210
27 59 39758039
51 65 568779614
14 46 792404641
44 63 172763290
6 26 362932911
59 53 741567371
28 65 454890716
58 83 935420730
72 24 80602622
10 69 159616566
39 18 235962617
13 8 90222705
11 69 607444001
74 7 952449713
21 63 801217190
79 45 112572098
31 49 890284181
4 30 69644098
80 29 437759370
6 38 262117364
57 14 130622942
5 42 56123702
60 65 411406823
86 43 799964346
12 77 317338689
29 87 63649966
16 60 302565828
8 62 143205348
8 42 283857914
59 48 131010935
31 55 326890579
19 36 59281745
51 35 663443216
3 25 761198930
32 35 439105653
39 69 584659970
17 85 929894302
59 80 473169091
67 19 677449717
66 13 900531481
16 11 533085209
49 84 751069341
21 77 528090691
9 82 417090629
60 72 572419302
79 4 15971852
18 67 656140341
28 78 471970160
3 31 695586207
63 68 229491529
64 8 956783352
68 45 957330796
47 37 233650422
78 76 92600341
48 67 904212081
59 81 176513996
47 79 944559338
74 43 841728806
42 36 670153567
70 75 623300243
49 73 53352394
37 21 358597810
16 77 47985345
70 60 835726555
52 83 824760209
1 70 972264550
29 11 143547157
86 21 462949804
3 23 198314607
59 64 268609122
25 76 910158262
28 72 139321438
18 77 181290992
48 51 675215408
16 20 793772140
27 42 825993970
44 55 527064243
44 39 285576911
62 53 91150925
51 86 350105366
45 40 633500560
8 2 881625300
70 12 208804410
31 15 579540046
83 20 625196766
45 28 440523074
28 54 829981655
43 40 871908950
87 77 92394995
38 21 362875787
29 17 887876751
4 15 177438366
23 55 719969976
76 7 308222939
60 30 8519952
59 21 837675155
81 61 935881106
41 57 416475535
9 68 539970886
83 54 414676592
37 86 772540243
14 60 197266948
3 27 905325478
63 37 702108790
13 73 123158966
83 3 45586775
27 23 66348379
82 29 611172351
25 24 524685397
17 53 790868071
54 85 493397867
15 43 80992876
54 10 592688440
24 22 706774925
12 28 258799089
25 39 219808290
86 61 690801628
61 67 702312725
43 49 57520867
74 6 590608005
16 19 20803692
16 66 768705711
10 33 395980460
35 7 442039868
75 15 257814159
10 56 500900826
59 86 283578954
71 69 369633222
16 10 236012341
69 80 140006076
60 76 24296914
18 7 272305298
34 83 231485281
4 84 492613392
12 75 205270134
82 68 190152065
28 17 438895264
81 25 927601036
30 69 263043418
38 57 920769882
76 86 860049516
54 3 323454541
31 75 141405830
51 41 313843494
48 39 431348381
12 27 110173076
82 64 980603870
54 58 524523205
3 84 526094233
3 73 467144998
85 1 909998232
34 43 191970623
62 2 615827829
76 67 102722064
18 86 136804389
18 14 508081914
44 69 847639325
20 76 229329178
35 19 690737596
49 21 503602858
25 65 15281620
79 23 26730963
8 33 852713025
9 5 44570055
11 33 204152241
23 11 939408389
31 33 254658978
21 17 714066621
8 31 73654734
45 61 331558572
87 31 110128915
83 15 30222991
19 40 451796715
18 66 969367618
37 3 620606404
42 15 495481991
46 6 855840528
82 59 522125587
58 32 83283611
57 20 212182270
64 56 262651846
63 62 709783318
50 77 884923883
30 55 416034773
82 15 872148870
82 37 236330341
49 20 670165082
43 58 709662249
48 46 140618209
39 26 253472363
38 9 896782046
72 13 199649773
38 70 740465586
