1
73 155 760360499
52 69
164594979 834759173
1 2 738415096
1 3 133231802
1 4 484187330
3 5 580838913
5 6 199776640
6 7 139306789
6 8 850468494
1 9 366629098
2 10 38102452
4 11 319287070
7 12 955532889
9 13 857835205
9 14 643367692
1 15 848902248
15 16 854911198
1 17 43654782
5 18 321422111
18 19 366170056
17 20 445992681
7 21 26184709
4 22 336320364
7 23 197644874
1 24 479122243
6 25 473893868
17 26 317274310
15 27 396697093
14 28 571539124
25 29 2873107
28 30 127422081
21 31 493669798
22 32 312919716
3 33 714306953
18 34 525901257
1 35 164457732
22 36 336627382
13 37 107330184
29 38 263092258
23 39 484067568
39 40 695992298
9 41 998307038
39 42 588937916
40 43 255225173
38 44 233793649
40 45 715701117
10 46 180137633
4 47 975992053
45 48 459000181
5 49 997093336
32 50 99915549
42 51 459648933
18 52 862678217
3 53 76446348
46 54 434371156
33 55 457099967
37 56 569988236
22 57 984669226
55 58 241102060
43 59 835449461
6 60 384405747
15 61 278185982
61 62 936096102
32 63 338227353
25 64 208193
1 65 595657076
14 66 524511527
32 67 434933642
19 68 169731658
30 69 852922292
13 70 810599192
9 71 167338606
18 72 725608042
27 73 768425953
65 72 71333998
65 11 337748203
72 60 901073646
8 26 464642313
57 56 827320844
24 46 521672789
35 5 135700334
33 52 596126373
73 40 289835096
16 64 161242966
72 8 768866103
60 12 170315362
25 66 162730486
58 44 147202531
13 61 869374344
55 44 733499762
30 48 469690092
25 17 300880580
61 5 820347746
42 72 885526913
66 45 168628588
60 14 491502215
46 51 962377050
2 31 109264529
61 45 978524813
62 44 161342972
53 4 419364443
37 54 828527894
50 3 639521215
46 35 9462678
27 40 970702460
50 70 796772529
68 30 517373974
2 69 974036785
3 2 582248552
69 71 648492909
38 11 423553647
2 68 931297262
35 51 429555054
41 42 383924052
10 71 67647639
19 50 820213104
49 19 662080849
6 23 376806747
67 55 114730075
2 52 6117499
56 68 748816709
68 22 328221731
70 45 860306702
12 43 839514304
54 36 783748431
2 22 168436548
45 57 474806976
40 21 974191160
29 60 651264526
68 57 464045592
21 30 637227545
64 70 413104827
25 39 53582733
35 62 184895096
61 29 69614991
39 61 123992123
8 25 732296193
13 1 203254205
59 46 485571224
72 23 565835884
54 73 979158350
68 12 762726447
30 59 621735882
25 68 840004292
63 73 157483106
25 34 923264767
53 44 251519833
55 10 463974084
33 56 237154851
70 11 309113302
34 11 708745166
38 4 838795888
60 56 174298044
66 19 399944123
46 57 286207955
62 33 19129441
62 4 145646888
