n 1:
0,0:
0



n 2:
0,1:
01
10

1,0:
00
00



n 3:
0,1:
011
101
110

1,0:
000
000
000



n 4:
0,2:
0111
1011
1101
1110

1,1:
0001
0001
0001
1110

2,0:
0000
0000
0000
0000



n 5:
0,2:
01111
10111
11011
11101
11110

2,0:
00000
00000
00000
00000
00000



n 6:
0,3:
011111
101111
110111
111011
111101
111110

1,2:
001111
000000
100111
101011
101101
101110

2,1:
000001
000001
000001
000001
000001
111110

3,0:
000000
000000
000000
000000
000000
000000



n 7:
0,3:
0111111
1011111
1101111
1110111
1111011
1111101
1111110

2,2:
0000011
0000011
0000011
0000011
0000011
1111101
1111110

3,0:
0000000
0000000
0000000
0000000
0000000
0000000
0000000



n 8:
0,4:
01111111
10111111
11011111
11101111
11110111
11111011
11111101
11111110

1,3:
00111111
00000000
10011111
10101111
10110111
10111011
10111101
10111110

3,1:
00000001
00000001
00000001
00000001
00000001
00000001
00000001
11111110

4,0:
00000000
00000000
00000000
00000000
00000000
00000000
00000000
00000000



n 9:
0,4:
011111111
101111111
110111111
111011111
111101111
111110111
111111011
111111101
111111110

2,3:
000111111
000000000
000000000
100011111
100101111
100110111
100111011
100111101
100111110

3,2:
000000011
000000011
000000011
000000011
000000011
000000011
000000011
111111101
111111110

4,0:
000000000
000000000
000000000
000000000
000000000
000000000
000000000
000000000
000000000
