92
34 1 5 5 2 3 1 1 5 2 1 3 2 1 1 5 5 3 4 2 2 2 1 1 1 5 4 3 1 1 2 4 5 5 5 
4 2 1 3 3 
86 3 4 4 4 1 3 1 4 3 4 3 1 1 5 5 3 4 4 4 4 1 4 5 4 4 1 5 4 5 5 3 4 3 2 3 3 4 3 2 1 2 4 3 2 3 2 2 3 1 3 4 1 2 2 3 2 4 1 4 5 3 1 1 4 4 2 4 2 2 1 2 5 5 1 4 5 3 4 4 2 3 5 3 3 2 3 
62 4 4 4 5 3 4 5 2 5 3 3 3 5 4 2 5 3 1 4 4 5 3 2 3 2 1 4 4 5 5 5 1 4 5 1 5 5 3 3 2 5 3 1 5 5 1 1 1 4 5 5 1 3 5 2 2 1 1 3 1 5 2 
67 2 4 5 5 1 5 2 2 4 1 3 1 3 2 4 5 3 3 4 1 3 5 5 3 3 1 2 5 1 2 4 2 4 5 4 5 3 5 1 5 2 4 2 3 5 3 5 2 2 1 4 5 3 1 2 5 1 5 3 3 5 3 1 2 5 4 4 
77 1 4 2 4 5 1 5 5 4 4 1 5 5 4 4 5 3 4 1 3 5 3 2 4 4 3 2 1 5 4 5 4 5 4 1 2 2 3 5 4 4 5 1 2 5 3 4 3 2 5 2 2 4 4 5 1 1 2 2 4 2 3 5 3 2 5 4 1 3 5 5 4 4 4 5 5 4 
31 5 2 1 1 4 3 5 5 4 2 1 1 1 4 5 4 3 5 4 3 3 2 2 4 3 2 3 5 2 3 1 
82 4 2 3 2 2 3 5 4 4 2 5 5 2 5 4 4 1 1 2 3 4 4 5 5 4 4 5 3 4 2 4 5 1 3 3 1 4 2 2 3 5 1 4 4 3 5 3 1 5 5 4 3 2 1 1 3 3 1 3 3 5 1 2 4 3 1 1 2 3 2 2 2 5 4 2 5 3 3 2 3 5 1 
85 1 3 4 2 5 5 1 1 2 2 3 4 3 2 2 3 4 1 4 4 5 3 1 2 5 1 3 5 2 4 5 5 1 5 3 2 5 1 5 2 4 4 3 1 1 1 4 4 3 1 3 2 1 4 2 3 1 1 1 3 2 2 3 1 4 4 2 2 3 1 4 2 1 4 5 1 5 5 4 4 4 4 4 5 3 
20 4 5 1 2 4 4 2 2 1 2 5 5 1 5 4 5 5 2 5 1 
84 4 5 3 2 4 4 4 3 1 3 5 4 4 1 4 1 4 5 5 2 1 3 4 5 3 4 2 4 5 3 4 2 5 1 2 4 3 4 4 3 4 4 3 5 4 2 3 4 5 2 4 4 2 2 2 1 3 5 4 3 1 4 5 4 3 3 1 2 2 4 5 2 5 4 1 5 2 4 2 4 5 2 2 3 
55 2 2 1 1 2 4 3 2 3 5 4 4 3 5 3 2 4 3 1 1 1 1 5 4 5 1 1 1 4 2 3 3 1 4 2 3 1 3 5 1 2 5 4 1 2 5 5 3 2 4 2 4 3 3 4 
22 3 5 5 3 1 1 2 3 5 5 2 5 3 3 2 1 2 1 4 5 2 4 
19 2 5 4 5 5 4 1 2 2 2 2 5 5 1 4 4 2 4 1 
52 3 1 5 4 2 5 3 1 3 4 3 2 3 4 1 1 5 5 5 5 5 5 2 4 2 1 5 4 5 3 5 5 1 5 1 3 1 5 2 2 5 4 5 3 4 2 2 1 4 1 5 2 
62 4 1 5 5 5 3 1 2 4 1 1 1 2 1 2 2 1 2 5 1 5 4 1 2 4 4 1 4 1 3 1 2 2 2 3 5 3 3 2 1 4 4 4 3 4 4 3 1 3 5 2 4 2 5 4 2 2 2 4 1 4 3 
44 4 1 2 3 5 5 2 3 2 3 3 1 4 1 3 1 4 3 3 5 2 1 1 2 3 1 2 1 4 3 1 2 3 1 5 1 3 2 2 4 3 4 1 5 
46 3 2 2 1 3 1 4 1 4 4 4 2 1 3 4 2 1 3 2 3 4 4 1 2 4 4 4 2 2 5 5 2 5 1 2 4 5 5 1 3 5 2 3 1 2 1 
21 2 4 2 4 3 1 3 3 3 2 3 3 1 2 1 5 5 3 1 3 3 
76 3 2 3 4 3 1 5 2 4 4 5 1 3 2 5 1 1 1 5 1 5 1 2 5 3 4 5 3 4 1 1 5 2 2 4 2 1 4 1 2 2 2 1 3 5 2 2 2 4 5 1 1 5 3 1 4 4 1 2 5 2 3 1 3 5 2 4 2 1 5 4 3 1 3 1 4 
14 4 4 3 2 2 3 2 1 5 1 5 5 5 5 
45 2 1 5 5 1 4 5 3 1 2 1 2 1 1 1 2 5 4 4 1 4 1 1 2 5 4 1 5 2 5 1 4 4 2 2 1 2 2 5 3 5 2 5 5 3 
87 2 1 2 2 4 5 3 3 5 4 2 4 2 4 5 5 5 1 1 5 3 4 2 1 2 5 1 1 5 2 4 1 3 4 3 4 1 1 5 3 5 3 5 5 2 4 3 1 2 4 5 5 3 5 4 2 1 4 1 3 1 5 4 1 4 1 4 4 1 5 3 3 1 2 1 1 4 2 5 5 3 5 3 3 5 4 5 
65 4 5 5 3 1 4 5 3 1 4 1 2 4 4 1 1 3 4 3 2 3 5 3 5 3 3 2 2 2 5 4 3 2 4 4 2 4 5 3 1 5 2 1 2 4 3 3 2 2 3 2 4 4 3 3 1 4 2 4 4 1 2 2 5 3 
4 3 4 3 4 
28 3 2 4 4 3 1 5 4 4 4 4 1 3 1 1 2 2 3 1 4 3 2 3 5 2 1 1 3 
51 4 1 2 3 2 2 5 4 3 2 2 3 1 3 2 1 2 1 1 2 4 3 4 3 3 4 1 1 1 2 3 2 3 3 1 3 5 5 4 4 5 3 4 1 4 1 3 1 2 3 2 
43 2 3 5 1 2 1 1 3 1 5 4 3 2 5 2 5 5 1 2 1 3 1 1 5 1 4 5 3 5 1 2 5 1 5 2 3 2 1 4 1 1 3 2 
25 3 1 1 4 3 4 1 4 3 4 1 5 3 1 1 2 1 2 4 3 2 5 4 3 3 
82 2 5 4 2 1 3 4 4 5 2 2 2 5 5 1 2 4 1 3 2 1 1 1 3 3 1 1 4 4 4 2 5 1 5 4 1 5 3 5 5 4 2 4 1 4 3 3 3 1 1 1 2 5 5 4 3 2 1 1 4 5 3 3 5 4 3 2 5 5 2 3 1 5 1 4 1 5 1 5 5 2 3 
40 4 2 3 3 4 2 2 1 5 3 3 5 1 4 3 5 5 1 4 5 5 4 4 1 3 3 5 3 4 4 5 4 1 5 4 5 2 1 2 2 
66 4 3 3 5 3 4 1 4 2 5 3 2 3 1 2 2 2 1 3 3 2 4 2 5 5 3 1 3 2 5 1 4 5 1 3 4 3 5 3 4 1 3 5 2 3 5 5 3 3 1 4 2 3 5 1 1 5 4 3 5 5 3 2 5 1 4 
51 3 1 5 2 2 1 4 1 3 1 1 5 2 3 1 4 1 3 2 5 1 4 1 5 4 4 1 2 4 3 3 4 5 1 1 5 2 3 3 1 1 1 2 3 2 5 3 5 1 1 3 
7 1 2 3 5 5 3 4 
60 1 3 2 3 5 1 5 3 2 3 1 5 5 1 4 2 4 2 4 4 4 1 5 5 1 1 1 5 2 1 5 1 5 3 1 5 4 5 2 4 2 4 4 3 2 3 3 5 3 2 5 5 1 5 1 5 4 5 5 2 
3 4 2 2 
14 3 2 3 1 5 3 4 1 2 4 4 1 1 5 
66 2 4 1 1 3 3 1 2 1 5 4 1 1 1 2 2 2 2 2 4 2 1 4 5 4 2 3 1 5 2 4 3 3 5 2 1 3 1 1 4 4 4 2 2 5 3 4 4 2 1 4 1 2 5 5 3 4 1 4 5 1 4 5 1 5 5 
14 2 1 4 1 3 2 1 4 5 1 3 4 4 2 
7 1 3 5 3 3 1 3 
81 3 5 3 1 4 5 5 4 1 1 1 2 2 1 4 2 1 4 4 3 5 2 3 5 2 1 2 2 1 1 1 2 1 3 3 1 4 4 4 3 2 1 3 2 3 4 5 4 3 4 1 1 3 2 3 5 2 3 5 4 4 1 5 4 4 3 1 4 1 3 4 2 2 5 3 5 1 3 5 3 5 
1 3 
51 4 4 2 1 4 5 3 3 4 5 5 4 2 1 1 1 1 1 4 1 1 3 4 1 2 1 5 1 2 2 1 5 2 5 1 4 4 2 5 4 1 2 3 4 4 1 3 5 2 2 1 
100 3 5 4 5 3 2 5 5 4 5 1 1 3 2 4 5 5 1 1 4 2 4 5 5 5 2 1 3 4 1 1 2 1 2 3 1 5 5 3 2 2 2 1 3 1 3 1 3 1 2 2 5 5 5 5 1 5 3 5 1 5 4 4 2 3 3 3 5 2 2 5 4 2 5 3 2 5 4 1 2 2 5 2 4 3 5 4 5 2 5 3 3 4 3 3 2 5 4 4 5 
74 3 4 1 1 2 2 5 3 3 3 1 2 1 5 2 5 2 5 2 5 1 1 4 4 3 2 1 4 5 2 4 5 1 5 5 2 4 3 1 2 1 1 2 2 1 3 4 4 3 3 3 3 3 5 5 4 2 4 2 1 5 3 5 5 3 3 2 4 2 4 2 3 3 2 
13 4 4 4 2 3 1 1 3 2 1 3 5 4 
5 4 5 5 1 5 
12 5 1 1 5 2 1 4 4 1 4 3 5 
92 2 5 5 1 4 2 3 5 4 3 2 5 4 4 5 1 4 2 2 5 2 1 4 2 4 4 3 5 5 4 5 3 1 2 3 2 2 5 3 2 5 3 1 2 3 4 4 5 2 4 1 5 3 4 3 1 1 3 1 2 3 1 3 3 1 4 2 4 1 2 1 5 4 5 4 1 1 4 4 1 2 2 1 2 3 2 5 3 4 5 5 5 
17 2 1 4 4 3 2 2 1 4 3 5 1 3 5 3 4 1 
53 5 3 2 5 2 3 4 1 2 2 3 4 3 2 3 5 1 1 5 5 3 5 3 4 4 2 3 1 4 3 4 2 1 2 1 2 4 4 3 3 5 5 4 1 1 5 4 2 4 5 2 1 1 
48 2 4 5 4 2 5 5 3 2 5 1 3 5 2 3 5 1 5 3 3 4 4 5 2 5 5 1 2 5 2 2 4 4 5 5 3 4 5 3 3 5 3 3 4 4 4 2 1 
20 5 1 1 2 3 2 1 5 2 4 4 4 5 5 1 2 5 4 3 5 
91 1 1 2 1 2 5 2 4 3 2 3 4 2 5 2 3 4 2 4 1 3 2 2 2 3 2 3 5 2 2 1 2 1 4 3 1 4 1 2 3 3 1 1 5 4 5 2 1 4 5 4 1 1 4 3 4 3 1 2 3 5 2 1 1 4 2 5 2 1 5 1 2 3 3 5 5 4 4 2 3 2 2 2 5 5 2 5 5 5 1 5 
36 3 1 3 2 4 3 5 2 4 2 5 1 3 2 3 5 1 2 4 5 1 3 5 1 3 5 5 3 4 5 3 4 2 5 3 3 
38 4 2 3 4 4 4 5 5 2 5 4 4 3 5 2 1 1 4 5 5 1 1 5 4 1 2 1 3 4 5 5 4 2 5 1 1 3 1 
41 2 2 4 1 1 2 2 4 5 1 2 2 5 5 2 4 4 5 4 5 4 5 1 3 2 1 1 5 4 4 2 3 2 1 3 4 5 5 1 3 1 
72 3 4 5 5 2 1 2 3 3 1 1 2 1 5 2 4 2 1 1 4 2 1 4 2 5 4 3 1 5 1 5 4 1 1 2 1 1 3 1 2 4 2 5 5 1 5 3 2 5 4 3 1 4 3 1 5 4 3 3 4 2 3 4 5 2 4 3 1 4 2 5 5 
87 3 5 4 2 4 4 2 4 2 3 5 2 4 2 4 4 5 4 5 1 1 4 5 2 2 1 1 4 5 1 5 2 1 4 4 3 2 3 1 4 4 5 4 2 3 3 1 4 3 5 3 1 5 2 3 4 5 2 5 4 4 4 3 3 2 3 2 5 5 2 5 3 5 4 3 3 2 2 1 2 3 1 5 5 3 2 2 
62 2 4 4 4 4 1 4 2 1 4 2 3 1 2 2 2 4 4 5 3 1 4 3 1 3 5 4 4 4 2 5 5 3 5 4 3 2 2 1 1 4 5 2 4 4 1 1 4 3 1 5 1 2 5 1 4 5 3 2 2 3 1 
18 2 4 1 5 3 2 1 2 2 1 1 4 4 2 2 3 4 5 
89 3 1 4 2 3 5 5 4 2 1 3 1 2 5 4 1 3 2 1 3 2 2 1 1 3 5 5 3 1 4 3 4 4 2 5 5 5 3 4 5 4 5 3 1 2 4 1 1 1 5 3 3 1 5 2 5 2 2 3 5 1 4 3 3 3 1 5 4 3 5 4 1 3 2 5 5 1 3 2 1 3 2 1 1 2 1 2 3 2 
86 2 4 2 2 1 4 2 4 3 5 5 2 1 1 5 2 4 1 5 1 1 2 5 5 2 4 2 5 5 1 3 4 5 3 2 1 5 1 4 1 1 4 3 3 1 4 3 3 1 2 3 5 4 3 1 2 1 1 2 5 5 3 3 5 5 1 5 4 5 3 5 1 2 4 3 4 1 3 3 4 2 5 1 2 2 2 
24 1 5 1 3 1 4 3 1 3 3 4 5 4 2 2 5 1 3 3 3 1 2 5 1 
82 4 4 1 2 2 4 3 2 4 5 2 5 4 2 5 3 3 3 5 4 1 2 1 2 5 2 2 1 4 2 4 4 1 1 2 1 3 3 3 2 1 5 4 1 4 5 3 2 3 2 2 3 5 4 2 4 1 5 5 2 2 2 1 3 2 3 2 2 4 1 1 4 5 4 2 1 2 1 2 1 4 5 
34 2 4 1 5 1 4 5 3 4 5 4 5 3 5 3 5 1 5 2 5 4 3 5 1 5 1 4 4 1 3 1 1 2 2 
24 5 3 3 5 2 2 1 4 5 1 4 2 3 2 4 2 5 4 1 5 3 1 4 2 
75 5 4 5 5 2 1 3 2 5 5 1 4 1 1 1 1 4 5 3 4 3 1 1 4 4 1 3 5 1 1 4 5 3 3 3 2 1 5 3 1 3 1 1 5 1 4 2 5 5 5 3 1 4 3 4 2 5 4 4 1 5 3 5 3 1 3 2 2 3 1 3 5 1 4 1 
91 2 3 1 5 3 1 4 4 5 2 4 2 4 5 4 1 4 4 4 2 5 5 4 4 1 2 3 2 4 5 1 2 5 5 5 2 3 4 2 2 5 1 2 3 1 4 5 2 3 5 3 1 2 4 3 2 2 3 5 2 4 2 1 2 1 2 5 1 2 1 5 5 5 4 1 4 2 5 3 2 4 1 5 1 4 3 1 2 2 2 5 
71 3 4 5 4 5 5 3 5 2 5 4 2 2 2 5 4 5 4 2 5 3 1 5 5 2 3 5 2 2 5 2 5 5 1 2 5 5 2 3 1 5 3 4 5 1 3 1 3 2 3 3 1 3 5 5 2 4 1 5 4 4 5 3 5 2 4 1 4 5 2 3 
57 2 5 1 1 4 3 4 5 1 1 1 2 5 5 5 2 5 2 4 1 3 5 2 5 1 4 2 3 4 3 1 1 5 5 3 5 5 5 3 2 3 4 4 5 4 2 2 5 1 1 3 4 5 3 4 3 3 
72 1 2 4 3 5 3 5 1 4 1 3 2 1 2 3 3 2 1 3 2 1 2 3 4 2 5 5 2 4 3 4 3 2 2 2 5 3 2 4 2 1 1 5 5 5 3 4 1 1 4 4 4 2 5 1 5 5 2 2 1 1 1 2 1 4 5 2 5 2 5 5 1 
12 2 2 4 3 1 5 2 5 4 5 1 5 
16 4 4 2 2 1 3 1 4 5 2 1 1 1 4 4 2 
1 3 
84 5 3 1 1 4 2 3 5 1 5 3 1 5 5 5 1 2 5 4 2 3 4 4 5 1 1 1 1 2 5 1 5 3 2 3 1 1 3 4 2 4 3 4 5 4 4 2 3 4 3 3 2 2 1 1 4 3 1 3 5 2 2 2 4 2 5 3 5 5 2 3 1 1 2 1 2 4 3 3 3 4 4 1 5 
10 3 3 4 1 3 2 1 2 4 3 
64 3 2 2 4 4 2 5 5 1 1 2 2 3 3 4 2 1 3 5 1 3 4 3 1 4 4 3 1 1 5 3 5 1 4 5 2 1 5 3 1 1 3 2 4 5 3 5 3 4 2 2 1 2 4 5 3 1 5 3 3 4 4 3 4 
85 2 2 5 5 2 5 5 2 2 2 4 1 4 4 3 3 5 2 1 4 2 4 2 3 5 4 4 2 1 3 2 3 3 5 3 3 1 3 5 1 5 4 4 4 1 2 2 1 2 3 5 2 3 1 2 3 2 3 1 1 5 2 5 2 3 1 5 3 4 5 4 2 3 4 4 4 3 1 2 1 5 5 2 1 1 
13 1 2 3 3 3 5 1 3 4 2 2 5 4 
41 3 4 5 3 4 2 1 4 5 2 4 3 4 5 1 4 5 1 1 4 5 2 4 3 3 5 4 5 1 2 1 5 4 3 1 3 5 3 4 4 1 
16 4 5 4 1 3 3 3 3 3 1 3 4 3 2 3 5 
44 2 5 2 5 3 4 3 2 1 5 4 2 5 3 1 2 5 3 3 4 1 4 2 3 5 3 4 2 2 4 5 5 1 3 3 1 2 1 2 5 3 3 1 1 
6 4 2 3 3 2 3 
38 2 3 4 4 2 1 5 4 2 5 2 2 1 2 2 4 5 1 2 1 4 2 5 2 5 4 5 5 3 1 1 1 3 2 5 2 3 3 
40 2 1 5 5 2 3 2 2 3 1 4 2 4 1 5 1 1 2 5 4 5 1 5 5 4 1 3 2 4 5 1 1 1 1 2 2 4 2 4 4 
45 5 1 3 1 4 3 4 2 5 3 5 5 1 1 3 5 1 4 1 1 5 1 3 5 4 5 2 1 2 2 4 5 5 4 3 2 2 1 3 5 5 3 2 3 1 
68 4 5 5 5 5 5 1 4 3 1 5 3 1 3 5 3 3 2 1 5 1 2 1 3 4 2 4 2 5 4 2 1 4 1 3 2 2 3 4 5 5 1 3 1 1 4 5 4 4 1 4 1 3 3 5 3 1 3 3 4 5 1 1 3 1 1 4 4 
41 4 4 1 4 1 4 5 5 2 1 1 3 5 2 1 4 1 3 4 1 1 1 5 1 5 1 1 4 1 4 4 4 2 3 3 3 4 5 4 3 2 
54 4 4 5 3 4 3 4 5 2 2 2 4 1 4 2 4 3 2 3 4 5 5 4 3 1 5 4 3 4 5 1 3 1 4 4 3 1 2 5 1 2 5 5 4 3 2 5 1 2 3 1 3 5 4 
26 1 2 5 5 2 5 3 5 1 2 3 5 4 1 3 3 4 3 5 3 5 1 1 4 5 2 
90 2 3 4 1 5 3 1 3 4 1 1 4 4 4 4 2 3 3 5 3 3 1 1 2 3 5 5 4 2 4 4 4 5 5 3 4 4 1 4 4 2 4 5 2 5 3 3 1 5 5 4 4 2 3 5 4 2 3 3 1 5 5 4 2 2 1 1 2 3 5 2 2 4 3 4 5 3 1 5 5 3 4 3 5 3 2 2 1 1 1 
