1
168
981 250 -183 -892 -544 939 -323 83 -520 949 -477 -961 171 -792 821 -703 423 -60 259 141 743 -299 588 287 346 357 947 -847 39 -6 -328 371 -757 489 831 50 779 -493 -868 -742 -193 6 -704 -671 213 -532 -375 -365 407 -764 -873 502 -64 715 -212 -367 423 86 138 -187 -921 809 -464 -327 649 -634 722 427 224 -795 -964 -617 211 -317 -289 -225 150 336 762 -91 923 888 -590 210 954 549 -806 377 -366 331 -811 -287 492 76 737 140 441 459 -81 17 663 -46 399 225 989 -891 1000 138 796 -887 -954 -930 1000 -193 279 954 -645 473 682 -11 155 870 -947 -2 298 -859 -510 -262 599 408 -894 614 -287 504 190 -299 965 541 -809 760 653 -764 830 -995 395 460 958 749 284 639 89 -561 860 493 436 157 634 925 -753 584 684 -648 549 -603 -792 -261 449 -828 
279
11 55 -716
3 56 -712
84 133 -755
15 89 -765
29 82 -554
33 70 955
93 143 -799
129 167 -96
11 101 111
45 117 282
52 100 565
71 102 -972
106 166 951
26 130 158
76 107 154
49 89 -414
27 63 -705
61 163 -961
72 75 -821
60 137 767
111 123 346
13 119 151
50 82 -424
11 89 -926
126 150 -268
47 71 -956
65 73 995
108 111 -481
14 157 -186
7 22 618
16 29 912
6 23 629
88 157 54
48 101 137
29 70 758
17 99 716
53 163 317
145 151 112
5 13 301
11 115 -950
80 148 -710
142 163 935
23 130 366
62 141 -819
3 141 889
58 60 996
62 112 86
10 134 807
65 146 -805
5 132 -922
111 134 -723
106 151 434
6 168 51
12 115 353
104 152 467
82 160 422
19 143 965
41 152 90
79 88 -980
92 161 215
57 126 -2
40 42 279
59 85 686
31 78 -670
6 30 993
38 152 -566
38 56 720
74 96 871
46 76 646
55 79 -303
36 165 426
78 90 -879
8 160 69
85 102 987
95 154 -295
10 71 814
47 129 309
32 120 -371
27 127 226
100 121 648
37 158 -676
70 119 529
142 151 -304
84 130 -123
50 60 -522
120 124 -737
97 120 -995
24 126 -627
82 150 -545
121 123 -728
35 157 389
22 58 -197
71 126 -855
72 109 -252
9 132 293
63 127 -875
56 125 324
13 106 315
38 134 968
36 88 633
27 122 -699
7 15 -545
12 106 -787
18 121 -707
1 54 32
63 138 486
20 46 821
74 125 345
34 164 -314
68 109 774
92 136 551
142 144 398
86 119 -511
137 139 521
22 135 722
94 159 568
11 77 675
22 152 -953
17 48 56
38 84 861
7 155 -972
97 151 -999
94 108 -64
103 118 -728
124 143 109
49 144 91
60 80 991
34 43 836
25 130 237
48 167 216
12 25 55
151 162 405
87 136 72
61 71 918
36 142 289
51 106 514
2 60 -219
76 131 263
54 100 -696
34 147 -57
31 98 -49
13 40 880
44 148 831
50 155 291
63 88 782
145 168 377
82 100 642
62 78 -395
28 155 -688
21 107 -477
17 118 -255
29 32 357
39 72 65
98 133 -550
18 32 785
133 162 -120
75 157 -525
24 55 264
51 155 -269
19 157 -185
46 109 -620
21 77 -520
115 153 223
97 120 328
131 151 65
99 155 722
16 66 164
5 70 819
4 96 653
30 114 -30
76 94 63
111 114 -117
46 99 -691
67 92 -772
29 68 578
60 167 -507
46 65 -652
105 109 -567
60 152 -944
54 64 530
1 97 375
47 152 -311
29 113 -173
161 166 -147
41 60 570
107 159 -240
36 159 656
98 141 -268
32 146 956
121 135 705
42 64 145
97 150 -344
135 137 69
107 132 605
15 44 -704
120 150 -794
56 140 762
69 95 422
86 115 -939
39 118 -21
6 80 498
48 102 -672
56 142 -298
122 162 281
9 94 -708
125 168 666
18 55 -755
22 115 -974
56 136 791
28 125 949
2 7 -619
48 103 -188
71 116 932
69 100 -83
34 92 -379
30 168 -387
17 48 651
34 85 744
54 130 975
29 109 947
35 73 716
83 117 -221
25 121 438
125 140 467
24 88 -532
87 125 90
97 143 889
60 83 -726
131 153 -277
93 145 -408
38 156 210
26 127 -572
73 146 -427
7 117 -655
9 13 24
9 44 607
105 149 757
59 133 720
23 61 521
41 78 301
65 88 10
42 63 380
8 77 573
9 14 170
22 105 438
105 161 -354
7 86 -890
90 163 480
112 123 -499
27 153 498
72 103 -230
49 113 680
20 62 359
110 136 596
73 87 153
62 79 554
99 125 535
112 159 -16
16 113 -120
11 20 240
101 154 359
34 78 -552
53 157 285
20 76 -910
7 93 560
26 168 70
125 137 -422
23 68 489
38 123 -775
14 165 -692
114 148 37
63 75 774
52 114 -750
126 167 -611
5 39 9
4 79 547
12 68 351
14 34 -470
112 158 -435
