10
2
1 2
4
1 2
3 4
2 3
8
1 2
3 4
2 3
5 6
7 8
6 7
1 5
16
1 2
3 4
2 3
5 6
7 8
6 7
1 5
9 10
11 12
10 11
13 14
15 16
14 15
9 13
4 13
32
1 2
3 4
2 3
5 6
7 8
6 7
1 5
9 10
11 12
10 11
13 14
15 16
14 15
9 13
4 13
17 18
19 20
18 19
21 22
23 24
22 23
17 21
25 26
27 28
26 27
29 30
31 32
30 31
25 29
20 29
12 23
64
1 2
3 4
2 3
5 6
7 8
6 7
1 5
9 10
11 12
10 11
13 14
15 16
14 15
9 13
4 13
17 18
19 20
18 19
21 22
23 24
22 23
17 21
25 26
27 28
26 27
29 30
31 32
30 31
25 29
20 29
12 23
33 34
35 36
34 35
37 38
39 40
38 39
33 37
41 42
43 44
42 43
45 46
47 48
46 47
41 45
36 45
49 50
51 52
50 51
53 54
55 56
54 55
49 53
57 58
59 60
58 59
61 62
63 64
62 63
57 61
52 61
44 55
16 54
128
1 2
3 4
2 3
5 6
7 8
6 7
1 5
9 10
11 12
10 11
13 14
15 16
14 15
9 13
4 13
17 18
19 20
18 19
21 22
23 24
22 23
17 21
25 26
27 28
26 27
29 30
31 32
30 31
25 29
20 29
12 23
33 34
35 36
34 35
37 38
39 40
38 39
33 37
41 42
43 44
42 43
45 46
47 48
46 47
41 45
36 45
49 50
51 52
50 51
53 54
55 56
54 55
49 53
57 58
59 60
58 59
61 62
63 64
62 63
57 61
52 61
44 55
16 54
65 66
67 68
66 67
69 70
71 72
70 71
65 69
73 74
75 76
74 75
77 78
79 80
78 79
73 77
68 77
81 82
83 84
82 83
85 86
87 88
86 87
81 85
89 90
91 92
90 91
93 94
95 96
94 95
89 93
84 93
76 87
97 98
99 100
98 99
101 102
103 104
102 103
97 101
105 106
107 108
106 107
109 110
111 112
110 111
105 109
100 109
113 114
115 116
114 115
117 118
119 120
118 119
113 117
121 122
123 124
122 123
125 126
127 128
126 127
121 125
116 125
108 119
80 118
54 99
256
1 2
3 4
2 3
5 6
7 8
6 7
1 5
9 10
11 12
10 11
13 14
15 16
14 15
9 13
4 13
17 18
19 20
18 19
21 22
23 24
22 23
17 21
25 26
27 28
26 27
29 30
31 32
30 31
25 29
20 29
12 23
33 34
35 36
34 35
37 38
39 40
38 39
33 37
41 42
43 44
42 43
45 46
47 48
46 47
41 45
36 45
49 50
51 52
50 51
53 54
55 56
54 55
49 53
57 58
59 60
58 59
61 62
63 64
62 63
57 61
52 61
44 55
16 54
65 66
67 68
66 67
69 70
71 72
70 71
65 69
73 74
75 76
74 75
77 78
79 80
78 79
73 77
68 77
81 82
83 84
82 83
85 86
87 88
86 87
81 85
89 90
91 92
90 91
93 94
95 96
94 95
89 93
84 93
76 87
97 98
99 100
98 99
101 102
103 104
102 103
97 101
105 106
107 108
106 107
109 110
111 112
110 111
105 109
100 109
113 114
115 116
114 115
117 118
119 120
118 119
113 117
121 122
123 124
122 123
125 126
127 128
126 127
121 125
116 125
108 119
80 118
54 99
129 130
131 132
130 131
133 134
135 136
134 135
129 133
137 138
139 140
138 139
141 142
143 144
142 143
137 141
132 141
145 146
147 148
146 147
149 150
151 152
150 151
145 149
153 154
155 156
154 155
157 158
159 160
158 159
153 157
148 157
140 151
161 162
163 164
162 163
165 166
167 168
166 167
161 165
169 170
171 172
170 171
173 174
175 176
174 175
169 173
164 173
177 178
179 180
178 179
181 182
183 184
182 183
177 181
185 186
187 188
186 187
189 190
191 192
190 191
185 189
180 189
172 183
144 182
193 194
195 196
194 195
197 198
199 200
198 199
193 197
201 202
203 204
202 203
205 206
207 208
206 207
201 205
196 205
209 210
211 212
210 211
213 214
215 216
214 215
209 213
217 218
219 220
218 219
221 222
223 224
222 223
217 221
212 221
204 215
225 226
227 228
226 227
229 230
231 232
230 231
225 229
233 234
235 236
234 235
237 238
239 240
238 239
233 237
228 237
241 242
243 244
242 243
245 246
247 248
246 247
241 245
249 250
251 252
250 251
253 254
255 256
254 255
249 253
244 253
236 247
208 246
182 227
8 176
512
1 2
3 4
2 3
5 6
7 8
6 7
1 5
9 10
11 12
10 11
13 14
15 16
14 15
9 13
4 13
17 18
19 20
18 19
21 22
23 24
22 23
17 21
25 26
27 28
26 27
29 30
31 32
30 31
25 29
20 29
12 23
33 34
35 36
34 35
37 38
39 40
38 39
33 37
41 42
43 44
42 43
45 46
47 48
46 47
41 45
36 45
49 50
51 52
50 51
53 54
55 56
54 55
49 53
57 58
59 60
58 59
61 62
63 64
62 63
57 61
52 61
44 55
16 54
65 66
67 68
66 67
69 70
71 72
70 71
65 69
73 74
75 76
74 75
77 78
79 80
78 79
73 77
68 77
81 82
83 84
82 83
85 86
87 88
86 87
81 85
89 90
91 92
90 91
93 94
95 96
94 95
89 93
84 93
76 87
97 98
99 100
98 99
101 102
103 104
102 103
97 101
105 106
107 108
106 107
109 110
111 112
110 111
105 109
100 109
113 114
115 116
114 115
117 118
119 120
118 119
113 117
121 122
123 124
122 123
125 126
127 128
126 127
121 125
116 125
108 119
80 118
54 99
129 130
131 132
130 131
133 134
135 136
134 135
129 133
137 138
139 140
138 139
141 142
143 144
142 143
137 141
132 141
145 146
147 148
146 147
149 150
151 152
150 151
145 149
153 154
155 156
154 155
157 158
159 160
158 159
153 157
148 157
140 151
161 162
163 164
162 163
165 166
167 168
166 167
161 165
169 170
171 172
170 171
173 174
175 176
174 175
169 173
164 173
177 178
179 180
178 179
181 182
183 184
182 183
177 181
185 186
187 188
186 187
189 190
191 192
190 191
185 189
180 189
172 183
144 182
193 194
195 196
194 195
197 198
199 200
198 199
193 197
201 202
203 204
202 203
205 206
207 208
206 207
201 205
196 205
209 210
211 212
210 211
213 214
215 216
214 215
209 213
217 218
219 220
218 219
221 222
223 224
222 223
217 221
212 221
204 215
225 226
227 228
226 227
229 230
231 232
230 231
225 229
233 234
235 236
234 235
237 238
239 240
238 239
233 237
228 237
241 242
243 244
242 243
245 246
247 248
246 247
241 245
249 250
251 252
250 251
253 254
255 256
254 255
249 253
244 253
236 247
208 246
182 227
8 176
257 258
259 260
258 259
261 262
263 264
262 263
257 261
265 266
267 268
266 267
269 270
271 272
270 271
265 269
260 269
273 274
275 276
274 275
277 278
279 280
278 279
273 277
281 282
283 284
282 283
285 286
287 288
286 287
281 285
276 285
268 279
289 290
291 292
290 291
293 294
295 296
294 295
289 293
297 298
299 300
298 299
301 302
303 304
302 303
297 301
292 301
305 306
307 308
306 307
309 310
311 312
310 311
305 309
313 314
315 316
314 315
317 318
319 320
318 319
313 317
308 317
300 311
272 310
321 322
323 324
322 323
325 326
327 328
326 327
321 325
329 330
331 332
330 331
333 334
335 336
334 335
329 333
324 333
337 338
339 340
338 339
341 342
343 344
342 343
337 341
345 346
347 348
346 347
349 350
351 352
350 351
345 349
340 349
332 343
353 354
355 356
354 355
357 358
359 360
358 359
353 357
361 362
363 364
362 363
365 366
367 368
366 367
361 365
356 365
369 370
371 372
370 371
373 374
375 376
374 375
369 373
377 378
379 380
378 379
381 382
383 384
382 383
377 381
372 381
364 375
336 374
310 355
385 386
387 388
386 387
389 390
391 392
390 391
385 389
393 394
395 396
394 395
397 398
399 400
398 399
393 397
388 397
401 402
403 404
402 403
405 406
407 408
406 407
401 405
409 410
411 412
410 411
413 414
415 416
414 415
409 413
404 413
396 407
417 418
419 420
418 419
421 422
423 424
422 423
417 421
425 426
427 428
426 427
429 430
431 432
430 431
425 429
420 429
433 434
435 436
434 435
437 438
439 440
438 439
433 437
441 442
443 444
442 443
445 446
447 448
446 447
441 445
436 445
428 439
400 438
449 450
451 452
450 451
453 454
455 456
454 455
449 453
457 458
459 460
458 459
461 462
463 464
462 463
457 461
452 461
465 466
467 468
466 467
469 470
471 472
470 471
465 469
473 474
475 476
474 475
477 478
479 480
478 479
473 477
468 477
460 471
481 482
483 484
482 483
485 486
487 488
486 487
481 485
489 490
491 492
490 491
493 494
495 496
494 495
489 493
484 493
497 498
499 500
498 499
501 502
503 504
502 503
497 501
505 506
507 508
506 507
509 510
511 512
510 511
505 509
500 509
492 503
464 502
438 483
264 432
243 428
1024
1 2
3 4
2 3
5 6
7 8
6 7
1 5
9 10
11 12
10 11
13 14
15 16
14 15
9 13
4 13
17 18
19 20
18 19
21 22
23 24
22 23
17 21
25 26
27 28
26 27
29 30
31 32
30 31
25 29
20 29
12 23
33 34
35 36
34 35
37 38
39 40
38 39
33 37
41 42
43 44
42 43
45 46
47 48
46 47
41 45
36 45
49 50
51 52
50 51
53 54
55 56
54 55
49 53
57 58
59 60
58 59
61 62
63 64
62 63
57 61
52 61
44 55
16 54
65 66
67 68
66 67
69 70
71 72
70 71
65 69
73 74
75 76
74 75
77 78
79 80
78 79
73 77
68 77
81 82
83 84
82 83
85 86
87 88
86 87
81 85
89 90
91 92
90 91
93 94
95 96
94 95
89 93
84 93
76 87
97 98
99 100
98 99
101 102
103 104
102 103
97 101
105 106
107 108
106 107
109 110
111 112
110 111
105 109
100 109
113 114
115 116
114 115
117 118
119 120
118 119
113 117
121 122
123 124
122 123
125 126
127 128
126 127
121 125
116 125
108 119
80 118
54 99
129 130
131 132
130 131
133 134
135 136
134 135
129 133
137 138
139 140
138 139
141 142
143 144
142 143
137 141
132 141
145 146
147 148
146 147
149 150
151 152
150 151
145 149
153 154
155 156
154 155
157 158
159 160
158 159
153 157
148 157
140 151
161 162
163 164
162 163
165 166
167 168
166 167
161 165
169 170
171 172
170 171
173 174
175 176
174 175
169 173
164 173
177 178
179 180
178 179
181 182
183 184
182 183
177 181
185 186
187 188
186 187
189 190
191 192
190 191
185 189
180 189
172 183
144 182
193 194
195 196
194 195
197 198
199 200
198 199
193 197
201 202
203 204
202 203
205 206
207 208
206 207
201 205
196 205
209 210
211 212
210 211
213 214
215 216
214 215
209 213
217 218
219 220
218 219
221 222
223 224
222 223
217 221
212 221
204 215
225 226
227 228
226 227
229 230
231 232
230 231
225 229
233 234
235 236
234 235
237 238
239 240
238 239
233 237
228 237
241 242
243 244
242 243
245 246
247 248
246 247
241 245
249 250
251 252
250 251
253 254
255 256
254 255
249 253
244 253
236 247
208 246
182 227
8 176
257 258
259 260
258 259
261 262
263 264
262 263
257 261
265 266
267 268
266 267
269 270
271 272
270 271
265 269
260 269
273 274
275 276
274 275
277 278
279 280
278 279
273 277
281 282
283 284
282 283
285 286
287 288
286 287
281 285
276 285
268 279
289 290
291 292
290 291
293 294
295 296
294 295
289 293
297 298
299 300
298 299
301 302
303 304
302 303
297 301
292 301
305 306
307 308
306 307
309 310
311 312
310 311
305 309
313 314
315 316
314 315
317 318
319 320
318 319
313 317
308 317
300 311
272 310
321 322
323 324
322 323
325 326
327 328
326 327
321 325
329 330
331 332
330 331
333 334
335 336
334 335
329 333
324 333
337 338
339 340
338 339
341 342
343 344
342 343
337 341
345 346
347 348
346 347
349 350
351 352
350 351
345 349
340 349
332 343
353 354
355 356
354 355
357 358
359 360
358 359
353 357
361 362
363 364
362 363
365 366
367 368
366 367
361 365
356 365
369 370
371 372
370 371
373 374
375 376
374 375
369 373
377 378
379 380
378 379
381 382
383 384
382 383
377 381
372 381
364 375
336 374
310 355
385 386
387 388
386 387
389 390
391 392
390 391
385 389
393 394
395 396
394 395
397 398
399 400
398 399
393 397
388 397
401 402
403 404
402 403
405 406
407 408
406 407
401 405
409 410
411 412
410 411
413 414
415 416
414 415
409 413
404 413
396 407
417 418
419 420
418 419
421 422
423 424
422 423
417 421
425 426
427 428
426 427
429 430
431 432
430 431
425 429
420 429
433 434
435 436
434 435
437 438
439 440
438 439
433 437
441 442
443 444
442 443
445 446
447 448
446 447
441 445
436 445
428 439
400 438
449 450
451 452
450 451
453 454
455 456
454 455
449 453
457 458
459 460
458 459
461 462
463 464
462 463
457 461
452 461
465 466
467 468
466 467
469 470
471 472
470 471
465 469
473 474
475 476
474 475
477 478
479 480
478 479
473 477
468 477
460 471
481 482
483 484
482 483
485 486
487 488
486 487
481 485
489 490
491 492
490 491
493 494
495 496
494 495
489 493
484 493
497 498
499 500
498 499
501 502
503 504
502 503
497 501
505 506
507 508
506 507
509 510
511 512
510 511
505 509
500 509
492 503
464 502
438 483
264 432
243 428
513 514
515 516
514 515
517 518
519 520
518 519
513 517
521 522
523 524
522 523
525 526
527 528
526 527
521 525
516 525
529 530
531 532
530 531
533 534
535 536
534 535
529 533
537 538
539 540
538 539
541 542
543 544
542 543
537 541
532 541
524 535
545 546
547 548
546 547
549 550
551 552
550 551
545 549
553 554
555 556
554 555
557 558
559 560
558 559
553 557
548 557
561 562
563 564
562 563
565 566
567 568
566 567
561 565
569 570
571 572
570 571
573 574
575 576
574 575
569 573
564 573
556 567
528 566
577 578
579 580
578 579
581 582
583 584
582 583
577 581
585 586
587 588
586 587
589 590
591 592
590 591
585 589
580 589
593 594
595 596
594 595
597 598
599 600
598 599
593 597
601 602
603 604
602 603
605 606
607 608
606 607
601 605
596 605
588 599
609 610
611 612
610 611
613 614
615 616
614 615
609 613
617 618
619 620
618 619
621 622
623 624
622 623
617 621
612 621
625 626
627 628
626 627
629 630
631 632
630 631
625 629
633 634
635 636
634 635
637 638
639 640
638 639
633 637
628 637
620 631
592 630
566 611
641 642
643 644
642 643
645 646
647 648
646 647
641 645
649 650
651 652
650 651
653 654
655 656
654 655
649 653
644 653
657 658
659 660
658 659
661 662
663 664
662 663
657 661
665 666
667 668
666 667
669 670
671 672
670 671
665 669
660 669
652 663
673 674
675 676
674 675
677 678
679 680
678 679
673 677
681 682
683 684
682 683
685 686
687 688
686 687
681 685
676 685
689 690
691 692
690 691
693 694
695 696
694 695
689 693
697 698
699 700
698 699
701 702
703 704
702 703
697 701
692 701
684 695
656 694
705 706
707 708
706 707
709 710
711 712
710 711
705 709
713 714
715 716
714 715
717 718
719 720
718 719
713 717
708 717
721 722
723 724
722 723
725 726
727 728
726 727
721 725
729 730
731 732
730 731
733 734
735 736
734 735
729 733
724 733
716 727
737 738
739 740
738 739
741 742
743 744
742 743
737 741
745 746
747 748
746 747
749 750
751 752
750 751
745 749
740 749
753 754
755 756
754 755
757 758
759 760
758 759
753 757
761 762
763 764
762 763
765 766
767 768
766 767
761 765
756 765
748 759
720 758
694 739
520 688
769 770
771 772
770 771
773 774
775 776
774 775
769 773
777 778
779 780
778 779
781 782
783 784
782 783
777 781
772 781
785 786
787 788
786 787
789 790
791 792
790 791
785 789
793 794
795 796
794 795
797 798
799 800
798 799
793 797
788 797
780 791
801 802
803 804
802 803
805 806
807 808
806 807
801 805
809 810
811 812
810 811
813 814
815 816
814 815
809 813
804 813
817 818
819 820
818 819
821 822
823 824
822 823
817 821
825 826
827 828
826 827
829 830
831 832
830 831
825 829
820 829
812 823
784 822
833 834
835 836
834 835
837 838
839 840
838 839
833 837
841 842
843 844
842 843
845 846
847 848
846 847
841 845
836 845
849 850
851 852
850 851
853 854
855 856
854 855
849 853
857 858
859 860
858 859
861 862
863 864
862 863
857 861
852 861
844 855
865 866
867 868
866 867
869 870
871 872
870 871
865 869
873 874
875 876
874 875
877 878
879 880
878 879
873 877
868 877
881 882
883 884
882 883
885 886
887 888
886 887
881 885
889 890
891 892
890 891
893 894
895 896
894 895
889 893
884 893
876 887
848 886
822 867
897 898
899 900
898 899
901 902
903 904
902 903
897 901
905 906
907 908
906 907
909 910
911 912
910 911
905 909
900 909
913 914
915 916
914 915
917 918
919 920
918 919
913 917
921 922
923 924
922 923
925 926
927 928
926 927
921 925
916 925
908 919
929 930
931 932
930 931
933 934
935 936
934 935
929 933
937 938
939 940
938 939
941 942
943 944
942 943
937 941
932 941
945 946
947 948
946 947
949 950
951 952
950 951
945 949
953 954
955 956
954 955
957 958
959 960
958 959
953 957
948 957
940 951
912 950
961 962
963 964
962 963
965 966
967 968
966 967
961 965
969 970
971 972
970 971
973 974
975 976
974 975
969 973
964 973
977 978
979 980
978 979
981 982
983 984
982 983
977 981
985 986
987 988
986 987
989 990
991 992
990 991
985 989
980 989
972 983
993 994
995 996
994 995
997 998
999 1000
998 999
993 997
1001 1002
1003 1004
1002 1003
1005 1006
1007 1008
1006 1007
1001 1005
996 1005
1009 1010
1011 1012
1010 1011
1013 1014
1015 1016
1014 1015
1009 1013
1017 1018
1019 1020
1018 1019
1021 1022
1023 1024
1022 1023
1017 1021
1012 1021
1004 1015
976 1014
950 995
776 944
755 940
419 915
