1
1 2 3 4 5 6 7 8 9 10 11 0 
000000010101
001111110101
010000000101
010011111101
010100000001
010100111111
010101000000
110101001111
000101010000
111101010011
000001010100
111111010100
0
0
1
1 2 3 4 5 6 7 8 9 10 11 12 13 14 15 16 17 18 19 0 20 
000000000001010101010
001111111111010101011
010000000000010101010
010011111111110101011
010100000000000101010
010100111111111101011
010101000000000001010
010101001111111111011
010101010000000000010
010101010011111111111
010101010100000000000
110101010100111111111
000101010101000000000
111101010101001111111
000001010101010000000
111111010101010011111
000000010101010100000
111111110101010100111
000000000101010101000
111111111101010101001
010101010101010101010
1
1 2 3 4 5 6 7 8 9 10 11 12 13 14 15 16 17 18 19 20 21 22 23 0 
000000000000010101010101
001111111111110101010101
010000000000000101010101
010011111111111101010101
010100000000000001010101
010100111111111111010101
010101000000000000010101
010101001111111111110101
010101010000000000000101
010101010011111111111101
010101010100000000000001
010101010100111111111111
010101010101000000000000
110101010101001111111111
000101010101010000000000
111101010101010011111111
000001010101010100000000
111111010101010100111111
000000010101010101000000
111111110101010101001111
000000000101010101010000
111111111101010101010011
000000000001010101010100
111111111111010101010100
