1
1 2 3 4 5 6 7 8 9 10 11 12 13 14 15 16 17 18 19 20 21 22 23 24 25 26 27 28 29 30 31 32 33 34 35 36 37 38 39 40 41 42 43 44 45 46 47 48 49 50 51 52 53 54 55 56 57 58 59 60 61 62 63 64 65 66 67 68 69 70 71 72 73 74 75 76 77 78 79 80 81 82 83 84 85 86 87 88 89 90 91 92 93 94 95 96 97 98 99 0 100 
00000000000000000000000000000000000000000000000000010101010101010101010101010101010101010101010101010
00111111111111111111111111111111111111111111111111110101010101010101010101010101010101010101010101011
01000000000000000000000000000000000000000000000000000101010101010101010101010101010101010101010101010
01001111111111111111111111111111111111111111111111111101010101010101010101010101010101010101010101011
01010000000000000000000000000000000000000000000000000001010101010101010101010101010101010101010101010
01010011111111111111111111111111111111111111111111111111010101010101010101010101010101010101010101011
01010100000000000000000000000000000000000000000000000000010101010101010101010101010101010101010101010
01010100111111111111111111111111111111111111111111111111110101010101010101010101010101010101010101011
01010101000000000000000000000000000000000000000000000000000101010101010101010101010101010101010101010
01010101001111111111111111111111111111111111111111111111111101010101010101010101010101010101010101011
01010101010000000000000000000000000000000000000000000000000001010101010101010101010101010101010101010
01010101010011111111111111111111111111111111111111111111111111010101010101010101010101010101010101011
01010101010100000000000000000000000000000000000000000000000000010101010101010101010101010101010101010
01010101010100111111111111111111111111111111111111111111111111110101010101010101010101010101010101011
01010101010101000000000000000000000000000000000000000000000000000101010101010101010101010101010101010
01010101010101001111111111111111111111111111111111111111111111111101010101010101010101010101010101011
01010101010101010000000000000000000000000000000000000000000000000001010101010101010101010101010101010
01010101010101010011111111111111111111111111111111111111111111111111010101010101010101010101010101011
01010101010101010100000000000000000000000000000000000000000000000000010101010101010101010101010101010
01010101010101010100111111111111111111111111111111111111111111111111110101010101010101010101010101011
01010101010101010101000000000000000000000000000000000000000000000000000101010101010101010101010101010
01010101010101010101001111111111111111111111111111111111111111111111111101010101010101010101010101011
01010101010101010101010000000000000000000000000000000000000000000000000001010101010101010101010101010
01010101010101010101010011111111111111111111111111111111111111111111111111010101010101010101010101011
01010101010101010101010100000000000000000000000000000000000000000000000000010101010101010101010101010
01010101010101010101010100111111111111111111111111111111111111111111111111110101010101010101010101011
01010101010101010101010101000000000000000000000000000000000000000000000000000101010101010101010101010
01010101010101010101010101001111111111111111111111111111111111111111111111111101010101010101010101011
01010101010101010101010101010000000000000000000000000000000000000000000000000001010101010101010101010
01010101010101010101010101010011111111111111111111111111111111111111111111111111010101010101010101011
01010101010101010101010101010100000000000000000000000000000000000000000000000000010101010101010101010
01010101010101010101010101010100111111111111111111111111111111111111111111111111110101010101010101011
01010101010101010101010101010101000000000000000000000000000000000000000000000000000101010101010101010
01010101010101010101010101010101001111111111111111111111111111111111111111111111111101010101010101011
01010101010101010101010101010101010000000000000000000000000000000000000000000000000001010101010101010
01010101010101010101010101010101010011111111111111111111111111111111111111111111111111010101010101011
01010101010101010101010101010101010100000000000000000000000000000000000000000000000000010101010101010
01010101010101010101010101010101010100111111111111111111111111111111111111111111111111110101010101011
01010101010101010101010101010101010101000000000000000000000000000000000000000000000000000101010101010
01010101010101010101010101010101010101001111111111111111111111111111111111111111111111111101010101011
01010101010101010101010101010101010101010000000000000000000000000000000000000000000000000001010101010
01010101010101010101010101010101010101010011111111111111111111111111111111111111111111111111010101011
01010101010101010101010101010101010101010100000000000000000000000000000000000000000000000000010101010
01010101010101010101010101010101010101010100111111111111111111111111111111111111111111111111110101011
01010101010101010101010101010101010101010101000000000000000000000000000000000000000000000000000101010
01010101010101010101010101010101010101010101001111111111111111111111111111111111111111111111111101011
01010101010101010101010101010101010101010101010000000000000000000000000000000000000000000000000001010
01010101010101010101010101010101010101010101010011111111111111111111111111111111111111111111111111011
01010101010101010101010101010101010101010101010100000000000000000000000000000000000000000000000000010
01010101010101010101010101010101010101010101010100111111111111111111111111111111111111111111111111111
01010101010101010101010101010101010101010101010101000000000000000000000000000000000000000000000000000
11010101010101010101010101010101010101010101010101001111111111111111111111111111111111111111111111111
00010101010101010101010101010101010101010101010101010000000000000000000000000000000000000000000000000
11110101010101010101010101010101010101010101010101010011111111111111111111111111111111111111111111111
00000101010101010101010101010101010101010101010101010100000000000000000000000000000000000000000000000
11111101010101010101010101010101010101010101010101010100111111111111111111111111111111111111111111111
00000001010101010101010101010101010101010101010101010101000000000000000000000000000000000000000000000
11111111010101010101010101010101010101010101010101010101001111111111111111111111111111111111111111111
00000000010101010101010101010101010101010101010101010101010000000000000000000000000000000000000000000
11111111110101010101010101010101010101010101010101010101010011111111111111111111111111111111111111111
00000000000101010101010101010101010101010101010101010101010100000000000000000000000000000000000000000
11111111111101010101010101010101010101010101010101010101010100111111111111111111111111111111111111111
00000000000001010101010101010101010101010101010101010101010101000000000000000000000000000000000000000
11111111111111010101010101010101010101010101010101010101010101001111111111111111111111111111111111111
00000000000000010101010101010101010101010101010101010101010101010000000000000000000000000000000000000
11111111111111110101010101010101010101010101010101010101010101010011111111111111111111111111111111111
00000000000000000101010101010101010101010101010101010101010101010100000000000000000000000000000000000
11111111111111111101010101010101010101010101010101010101010101010100111111111111111111111111111111111
00000000000000000001010101010101010101010101010101010101010101010101000000000000000000000000000000000
11111111111111111111010101010101010101010101010101010101010101010101001111111111111111111111111111111
00000000000000000000010101010101010101010101010101010101010101010101010000000000000000000000000000000
11111111111111111111110101010101010101010101010101010101010101010101010011111111111111111111111111111
00000000000000000000000101010101010101010101010101010101010101010101010100000000000000000000000000000
11111111111111111111111101010101010101010101010101010101010101010101010100111111111111111111111111111
00000000000000000000000001010101010101010101010101010101010101010101010101000000000000000000000000000
11111111111111111111111111010101010101010101010101010101010101010101010101001111111111111111111111111
00000000000000000000000000010101010101010101010101010101010101010101010101010000000000000000000000000
11111111111111111111111111110101010101010101010101010101010101010101010101010011111111111111111111111
00000000000000000000000000000101010101010101010101010101010101010101010101010100000000000000000000000
11111111111111111111111111111101010101010101010101010101010101010101010101010100111111111111111111111
00000000000000000000000000000001010101010101010101010101010101010101010101010101000000000000000000000
11111111111111111111111111111111010101010101010101010101010101010101010101010101001111111111111111111
00000000000000000000000000000000010101010101010101010101010101010101010101010101010000000000000000000
11111111111111111111111111111111110101010101010101010101010101010101010101010101010011111111111111111
00000000000000000000000000000000000101010101010101010101010101010101010101010101010100000000000000000
11111111111111111111111111111111111101010101010101010101010101010101010101010101010100111111111111111
00000000000000000000000000000000000001010101010101010101010101010101010101010101010101000000000000000
11111111111111111111111111111111111111010101010101010101010101010101010101010101010101001111111111111
00000000000000000000000000000000000000010101010101010101010101010101010101010101010101010000000000000
11111111111111111111111111111111111111110101010101010101010101010101010101010101010101010011111111111
00000000000000000000000000000000000000000101010101010101010101010101010101010101010101010100000000000
11111111111111111111111111111111111111111101010101010101010101010101010101010101010101010100111111111
00000000000000000000000000000000000000000001010101010101010101010101010101010101010101010101000000000
11111111111111111111111111111111111111111111010101010101010101010101010101010101010101010101001111111
00000000000000000000000000000000000000000000010101010101010101010101010101010101010101010101010000000
11111111111111111111111111111111111111111111110101010101010101010101010101010101010101010101010011111
00000000000000000000000000000000000000000000000101010101010101010101010101010101010101010101010100000
11111111111111111111111111111111111111111111111101010101010101010101010101010101010101010101010100111
00000000000000000000000000000000000000000000000001010101010101010101010101010101010101010101010101000
11111111111111111111111111111111111111111111111111010101010101010101010101010101010101010101010101001
01010101010101010101010101010101010101010101010101010101010101010101010101010101010101010101010101010
1
1 2 3 4 5 6 7 8 9 10 11 12 13 14 15 16 17 18 19 20 21 22 23 24 25 26 27 28 29 30 31 32 33 34 35 36 37 38 39 40 41 42 43 44 45 46 47 48 49 50 51 52 53 54 55 56 57 58 59 60 61 62 63 64 65 66 67 68 69 70 71 72 73 74 75 76 77 78 79 80 81 82 83 84 85 86 87 88 89 90 91 92 93 94 95 96 97 98 99 100 101 102 103 0 104 
000000000000000000000000000000000000000000000000000001010101010101010101010101010101010101010101010101010
001111111111111111111111111111111111111111111111111111010101010101010101010101010101010101010101010101011
010000000000000000000000000000000000000000000000000000010101010101010101010101010101010101010101010101010
010011111111111111111111111111111111111111111111111111110101010101010101010101010101010101010101010101011
010100000000000000000000000000000000000000000000000000000101010101010101010101010101010101010101010101010
010100111111111111111111111111111111111111111111111111111101010101010101010101010101010101010101010101011
010101000000000000000000000000000000000000000000000000000001010101010101010101010101010101010101010101010
010101001111111111111111111111111111111111111111111111111111010101010101010101010101010101010101010101011
010101010000000000000000000000000000000000000000000000000000010101010101010101010101010101010101010101010
010101010011111111111111111111111111111111111111111111111111110101010101010101010101010101010101010101011
010101010100000000000000000000000000000000000000000000000000000101010101010101010101010101010101010101010
010101010100111111111111111111111111111111111111111111111111111101010101010101010101010101010101010101011
010101010101000000000000000000000000000000000000000000000000000001010101010101010101010101010101010101010
010101010101001111111111111111111111111111111111111111111111111111010101010101010101010101010101010101011
010101010101010000000000000000000000000000000000000000000000000000010101010101010101010101010101010101010
010101010101010011111111111111111111111111111111111111111111111111110101010101010101010101010101010101011
010101010101010100000000000000000000000000000000000000000000000000000101010101010101010101010101010101010
010101010101010100111111111111111111111111111111111111111111111111111101010101010101010101010101010101011
010101010101010101000000000000000000000000000000000000000000000000000001010101010101010101010101010101010
010101010101010101001111111111111111111111111111111111111111111111111111010101010101010101010101010101011
010101010101010101010000000000000000000000000000000000000000000000000000010101010101010101010101010101010
010101010101010101010011111111111111111111111111111111111111111111111111110101010101010101010101010101011
010101010101010101010100000000000000000000000000000000000000000000000000000101010101010101010101010101010
010101010101010101010100111111111111111111111111111111111111111111111111111101010101010101010101010101011
010101010101010101010101000000000000000000000000000000000000000000000000000001010101010101010101010101010
010101010101010101010101001111111111111111111111111111111111111111111111111111010101010101010101010101011
010101010101010101010101010000000000000000000000000000000000000000000000000000010101010101010101010101010
010101010101010101010101010011111111111111111111111111111111111111111111111111110101010101010101010101011
010101010101010101010101010100000000000000000000000000000000000000000000000000000101010101010101010101010
010101010101010101010101010100111111111111111111111111111111111111111111111111111101010101010101010101011
010101010101010101010101010101000000000000000000000000000000000000000000000000000001010101010101010101010
010101010101010101010101010101001111111111111111111111111111111111111111111111111111010101010101010101011
010101010101010101010101010101010000000000000000000000000000000000000000000000000000010101010101010101010
010101010101010101010101010101010011111111111111111111111111111111111111111111111111110101010101010101011
010101010101010101010101010101010100000000000000000000000000000000000000000000000000000101010101010101010
010101010101010101010101010101010100111111111111111111111111111111111111111111111111111101010101010101011
010101010101010101010101010101010101000000000000000000000000000000000000000000000000000001010101010101010
010101010101010101010101010101010101001111111111111111111111111111111111111111111111111111010101010101011
010101010101010101010101010101010101010000000000000000000000000000000000000000000000000000010101010101010
010101010101010101010101010101010101010011111111111111111111111111111111111111111111111111110101010101011
010101010101010101010101010101010101010100000000000000000000000000000000000000000000000000000101010101010
010101010101010101010101010101010101010100111111111111111111111111111111111111111111111111111101010101011
010101010101010101010101010101010101010101000000000000000000000000000000000000000000000000000001010101010
010101010101010101010101010101010101010101001111111111111111111111111111111111111111111111111111010101011
010101010101010101010101010101010101010101010000000000000000000000000000000000000000000000000000010101010
010101010101010101010101010101010101010101010011111111111111111111111111111111111111111111111111110101011
010101010101010101010101010101010101010101010100000000000000000000000000000000000000000000000000000101010
010101010101010101010101010101010101010101010100111111111111111111111111111111111111111111111111111101011
010101010101010101010101010101010101010101010101000000000000000000000000000000000000000000000000000001010
010101010101010101010101010101010101010101010101001111111111111111111111111111111111111111111111111111011
010101010101010101010101010101010101010101010101010000000000000000000000000000000000000000000000000000010
010101010101010101010101010101010101010101010101010011111111111111111111111111111111111111111111111111111
010101010101010101010101010101010101010101010101010100000000000000000000000000000000000000000000000000000
110101010101010101010101010101010101010101010101010100111111111111111111111111111111111111111111111111111
000101010101010101010101010101010101010101010101010101000000000000000000000000000000000000000000000000000
111101010101010101010101010101010101010101010101010101001111111111111111111111111111111111111111111111111
000001010101010101010101010101010101010101010101010101010000000000000000000000000000000000000000000000000
111111010101010101010101010101010101010101010101010101010011111111111111111111111111111111111111111111111
000000010101010101010101010101010101010101010101010101010100000000000000000000000000000000000000000000000
111111110101010101010101010101010101010101010101010101010100111111111111111111111111111111111111111111111
000000000101010101010101010101010101010101010101010101010101000000000000000000000000000000000000000000000
111111111101010101010101010101010101010101010101010101010101001111111111111111111111111111111111111111111
000000000001010101010101010101010101010101010101010101010101010000000000000000000000000000000000000000000
111111111111010101010101010101010101010101010101010101010101010011111111111111111111111111111111111111111
000000000000010101010101010101010101010101010101010101010101010100000000000000000000000000000000000000000
111111111111110101010101010101010101010101010101010101010101010100111111111111111111111111111111111111111
000000000000000101010101010101010101010101010101010101010101010101000000000000000000000000000000000000000
111111111111111101010101010101010101010101010101010101010101010101001111111111111111111111111111111111111
000000000000000001010101010101010101010101010101010101010101010101010000000000000000000000000000000000000
111111111111111111010101010101010101010101010101010101010101010101010011111111111111111111111111111111111
000000000000000000010101010101010101010101010101010101010101010101010100000000000000000000000000000000000
111111111111111111110101010101010101010101010101010101010101010101010100111111111111111111111111111111111
000000000000000000000101010101010101010101010101010101010101010101010101000000000000000000000000000000000
111111111111111111111101010101010101010101010101010101010101010101010101001111111111111111111111111111111
000000000000000000000001010101010101010101010101010101010101010101010101010000000000000000000000000000000
111111111111111111111111010101010101010101010101010101010101010101010101010011111111111111111111111111111
000000000000000000000000010101010101010101010101010101010101010101010101010100000000000000000000000000000
111111111111111111111111110101010101010101010101010101010101010101010101010100111111111111111111111111111
000000000000000000000000000101010101010101010101010101010101010101010101010101000000000000000000000000000
111111111111111111111111111101010101010101010101010101010101010101010101010101001111111111111111111111111
000000000000000000000000000001010101010101010101010101010101010101010101010101010000000000000000000000000
111111111111111111111111111111010101010101010101010101010101010101010101010101010011111111111111111111111
000000000000000000000000000000010101010101010101010101010101010101010101010101010100000000000000000000000
111111111111111111111111111111110101010101010101010101010101010101010101010101010100111111111111111111111
000000000000000000000000000000000101010101010101010101010101010101010101010101010101000000000000000000000
111111111111111111111111111111111101010101010101010101010101010101010101010101010101001111111111111111111
000000000000000000000000000000000001010101010101010101010101010101010101010101010101010000000000000000000
111111111111111111111111111111111111010101010101010101010101010101010101010101010101010011111111111111111
000000000000000000000000000000000000010101010101010101010101010101010101010101010101010100000000000000000
111111111111111111111111111111111111110101010101010101010101010101010101010101010101010100111111111111111
000000000000000000000000000000000000000101010101010101010101010101010101010101010101010101000000000000000
111111111111111111111111111111111111111101010101010101010101010101010101010101010101010101001111111111111
000000000000000000000000000000000000000001010101010101010101010101010101010101010101010101010000000000000
111111111111111111111111111111111111111111010101010101010101010101010101010101010101010101010011111111111
000000000000000000000000000000000000000000010101010101010101010101010101010101010101010101010100000000000
111111111111111111111111111111111111111111110101010101010101010101010101010101010101010101010100111111111
000000000000000000000000000000000000000000000101010101010101010101010101010101010101010101010101000000000
111111111111111111111111111111111111111111111101010101010101010101010101010101010101010101010101001111111
000000000000000000000000000000000000000000000001010101010101010101010101010101010101010101010101010000000
111111111111111111111111111111111111111111111111010101010101010101010101010101010101010101010101010011111
000000000000000000000000000000000000000000000000010101010101010101010101010101010101010101010101010100000
111111111111111111111111111111111111111111111111110101010101010101010101010101010101010101010101010100111
000000000000000000000000000000000000000000000000000101010101010101010101010101010101010101010101010101000
111111111111111111111111111111111111111111111111111101010101010101010101010101010101010101010101010101001
010101010101010101010101010101010101010101010101010101010101010101010101010101010101010101010101010101010
1
1 2 3 4 5 6 7 8 9 10 11 12 13 14 15 16 17 18 19 20 21 22 23 24 25 26 27 28 29 30 31 32 33 34 35 36 37 38 39 40 41 42 43 44 45 46 47 48 49 50 51 52 53 54 55 56 57 58 59 60 61 62 63 64 65 66 67 68 69 70 71 72 73 74 75 76 77 78 79 80 81 82 83 84 85 86 87 88 89 90 91 92 93 94 95 96 97 98 99 100 101 102 103 104 105 106 107 0 108 
0000000000000000000000000000000000000000000000000000000101010101010101010101010101010101010101010101010101010
0011111111111111111111111111111111111111111111111111111101010101010101010101010101010101010101010101010101011
0100000000000000000000000000000000000000000000000000000001010101010101010101010101010101010101010101010101010
0100111111111111111111111111111111111111111111111111111111010101010101010101010101010101010101010101010101011
0101000000000000000000000000000000000000000000000000000000010101010101010101010101010101010101010101010101010
0101001111111111111111111111111111111111111111111111111111110101010101010101010101010101010101010101010101011
0101010000000000000000000000000000000000000000000000000000000101010101010101010101010101010101010101010101010
0101010011111111111111111111111111111111111111111111111111111101010101010101010101010101010101010101010101011
0101010100000000000000000000000000000000000000000000000000000001010101010101010101010101010101010101010101010
0101010100111111111111111111111111111111111111111111111111111111010101010101010101010101010101010101010101011
0101010101000000000000000000000000000000000000000000000000000000010101010101010101010101010101010101010101010
0101010101001111111111111111111111111111111111111111111111111111110101010101010101010101010101010101010101011
0101010101010000000000000000000000000000000000000000000000000000000101010101010101010101010101010101010101010
0101010101010011111111111111111111111111111111111111111111111111111101010101010101010101010101010101010101011
0101010101010100000000000000000000000000000000000000000000000000000001010101010101010101010101010101010101010
0101010101010100111111111111111111111111111111111111111111111111111111010101010101010101010101010101010101011
0101010101010101000000000000000000000000000000000000000000000000000000010101010101010101010101010101010101010
0101010101010101001111111111111111111111111111111111111111111111111111110101010101010101010101010101010101011
0101010101010101010000000000000000000000000000000000000000000000000000000101010101010101010101010101010101010
0101010101010101010011111111111111111111111111111111111111111111111111111101010101010101010101010101010101011
0101010101010101010100000000000000000000000000000000000000000000000000000001010101010101010101010101010101010
0101010101010101010100111111111111111111111111111111111111111111111111111111010101010101010101010101010101011
0101010101010101010101000000000000000000000000000000000000000000000000000000010101010101010101010101010101010
0101010101010101010101001111111111111111111111111111111111111111111111111111110101010101010101010101010101011
0101010101010101010101010000000000000000000000000000000000000000000000000000000101010101010101010101010101010
0101010101010101010101010011111111111111111111111111111111111111111111111111111101010101010101010101010101011
0101010101010101010101010100000000000000000000000000000000000000000000000000000001010101010101010101010101010
0101010101010101010101010100111111111111111111111111111111111111111111111111111111010101010101010101010101011
0101010101010101010101010101000000000000000000000000000000000000000000000000000000010101010101010101010101010
0101010101010101010101010101001111111111111111111111111111111111111111111111111111110101010101010101010101011
0101010101010101010101010101010000000000000000000000000000000000000000000000000000000101010101010101010101010
0101010101010101010101010101010011111111111111111111111111111111111111111111111111111101010101010101010101011
0101010101010101010101010101010100000000000000000000000000000000000000000000000000000001010101010101010101010
0101010101010101010101010101010100111111111111111111111111111111111111111111111111111111010101010101010101011
0101010101010101010101010101010101000000000000000000000000000000000000000000000000000000010101010101010101010
0101010101010101010101010101010101001111111111111111111111111111111111111111111111111111110101010101010101011
0101010101010101010101010101010101010000000000000000000000000000000000000000000000000000000101010101010101010
0101010101010101010101010101010101010011111111111111111111111111111111111111111111111111111101010101010101011
0101010101010101010101010101010101010100000000000000000000000000000000000000000000000000000001010101010101010
0101010101010101010101010101010101010100111111111111111111111111111111111111111111111111111111010101010101011
0101010101010101010101010101010101010101000000000000000000000000000000000000000000000000000000010101010101010
0101010101010101010101010101010101010101001111111111111111111111111111111111111111111111111111110101010101011
0101010101010101010101010101010101010101010000000000000000000000000000000000000000000000000000000101010101010
0101010101010101010101010101010101010101010011111111111111111111111111111111111111111111111111111101010101011
0101010101010101010101010101010101010101010100000000000000000000000000000000000000000000000000000001010101010
0101010101010101010101010101010101010101010100111111111111111111111111111111111111111111111111111111010101011
0101010101010101010101010101010101010101010101000000000000000000000000000000000000000000000000000000010101010
0101010101010101010101010101010101010101010101001111111111111111111111111111111111111111111111111111110101011
0101010101010101010101010101010101010101010101010000000000000000000000000000000000000000000000000000000101010
0101010101010101010101010101010101010101010101010011111111111111111111111111111111111111111111111111111101011
0101010101010101010101010101010101010101010101010100000000000000000000000000000000000000000000000000000001010
0101010101010101010101010101010101010101010101010100111111111111111111111111111111111111111111111111111111011
0101010101010101010101010101010101010101010101010101000000000000000000000000000000000000000000000000000000010
0101010101010101010101010101010101010101010101010101001111111111111111111111111111111111111111111111111111111
0101010101010101010101010101010101010101010101010101010000000000000000000000000000000000000000000000000000000
1101010101010101010101010101010101010101010101010101010011111111111111111111111111111111111111111111111111111
0001010101010101010101010101010101010101010101010101010100000000000000000000000000000000000000000000000000000
1111010101010101010101010101010101010101010101010101010100111111111111111111111111111111111111111111111111111
0000010101010101010101010101010101010101010101010101010101000000000000000000000000000000000000000000000000000
1111110101010101010101010101010101010101010101010101010101001111111111111111111111111111111111111111111111111
0000000101010101010101010101010101010101010101010101010101010000000000000000000000000000000000000000000000000
1111111101010101010101010101010101010101010101010101010101010011111111111111111111111111111111111111111111111
0000000001010101010101010101010101010101010101010101010101010100000000000000000000000000000000000000000000000
1111111111010101010101010101010101010101010101010101010101010100111111111111111111111111111111111111111111111
0000000000010101010101010101010101010101010101010101010101010101000000000000000000000000000000000000000000000
1111111111110101010101010101010101010101010101010101010101010101001111111111111111111111111111111111111111111
0000000000000101010101010101010101010101010101010101010101010101010000000000000000000000000000000000000000000
1111111111111101010101010101010101010101010101010101010101010101010011111111111111111111111111111111111111111
0000000000000001010101010101010101010101010101010101010101010101010100000000000000000000000000000000000000000
1111111111111111010101010101010101010101010101010101010101010101010100111111111111111111111111111111111111111
0000000000000000010101010101010101010101010101010101010101010101010101000000000000000000000000000000000000000
1111111111111111110101010101010101010101010101010101010101010101010101001111111111111111111111111111111111111
0000000000000000000101010101010101010101010101010101010101010101010101010000000000000000000000000000000000000
1111111111111111111101010101010101010101010101010101010101010101010101010011111111111111111111111111111111111
0000000000000000000001010101010101010101010101010101010101010101010101010100000000000000000000000000000000000
1111111111111111111111010101010101010101010101010101010101010101010101010100111111111111111111111111111111111
0000000000000000000000010101010101010101010101010101010101010101010101010101000000000000000000000000000000000
1111111111111111111111110101010101010101010101010101010101010101010101010101001111111111111111111111111111111
0000000000000000000000000101010101010101010101010101010101010101010101010101010000000000000000000000000000000
1111111111111111111111111101010101010101010101010101010101010101010101010101010011111111111111111111111111111
0000000000000000000000000001010101010101010101010101010101010101010101010101010100000000000000000000000000000
1111111111111111111111111111010101010101010101010101010101010101010101010101010100111111111111111111111111111
0000000000000000000000000000010101010101010101010101010101010101010101010101010101000000000000000000000000000
1111111111111111111111111111110101010101010101010101010101010101010101010101010101001111111111111111111111111
0000000000000000000000000000000101010101010101010101010101010101010101010101010101010000000000000000000000000
1111111111111111111111111111111101010101010101010101010101010101010101010101010101010011111111111111111111111
0000000000000000000000000000000001010101010101010101010101010101010101010101010101010100000000000000000000000
1111111111111111111111111111111111010101010101010101010101010101010101010101010101010100111111111111111111111
0000000000000000000000000000000000010101010101010101010101010101010101010101010101010101000000000000000000000
1111111111111111111111111111111111110101010101010101010101010101010101010101010101010101001111111111111111111
0000000000000000000000000000000000000101010101010101010101010101010101010101010101010101010000000000000000000
1111111111111111111111111111111111111101010101010101010101010101010101010101010101010101010011111111111111111
0000000000000000000000000000000000000001010101010101010101010101010101010101010101010101010100000000000000000
1111111111111111111111111111111111111111010101010101010101010101010101010101010101010101010100111111111111111
0000000000000000000000000000000000000000010101010101010101010101010101010101010101010101010101000000000000000
1111111111111111111111111111111111111111110101010101010101010101010101010101010101010101010101001111111111111
0000000000000000000000000000000000000000000101010101010101010101010101010101010101010101010101010000000000000
1111111111111111111111111111111111111111111101010101010101010101010101010101010101010101010101010011111111111
0000000000000000000000000000000000000000000001010101010101010101010101010101010101010101010101010100000000000
1111111111111111111111111111111111111111111111010101010101010101010101010101010101010101010101010100111111111
0000000000000000000000000000000000000000000000010101010101010101010101010101010101010101010101010101000000000
1111111111111111111111111111111111111111111111110101010101010101010101010101010101010101010101010101001111111
0000000000000000000000000000000000000000000000000101010101010101010101010101010101010101010101010101010000000
1111111111111111111111111111111111111111111111111101010101010101010101010101010101010101010101010101010011111
0000000000000000000000000000000000000000000000000001010101010101010101010101010101010101010101010101010100000
1111111111111111111111111111111111111111111111111111010101010101010101010101010101010101010101010101010100111
0000000000000000000000000000000000000000000000000000010101010101010101010101010101010101010101010101010101000
1111111111111111111111111111111111111111111111111111110101010101010101010101010101010101010101010101010101001
0101010101010101010101010101010101010101010101010101010101010101010101010101010101010101010101010101010101010
1
1 2 3 4 5 6 7 8 9 10 11 12 13 14 15 16 17 18 19 20 21 22 23 24 25 26 27 28 29 30 31 32 33 34 35 36 37 38 39 40 41 42 43 44 45 46 47 48 49 50 51 52 53 54 55 56 57 58 59 60 61 62 63 64 65 66 67 68 69 70 71 72 73 74 75 76 77 78 79 80 81 82 83 84 85 86 87 88 89 90 91 92 93 94 95 96 97 98 99 100 101 102 103 104 105 106 107 108 109 110 111 0 112 
00000000000000000000000000000000000000000000000000000000010101010101010101010101010101010101010101010101010101010
00111111111111111111111111111111111111111111111111111111110101010101010101010101010101010101010101010101010101011
01000000000000000000000000000000000000000000000000000000000101010101010101010101010101010101010101010101010101010
01001111111111111111111111111111111111111111111111111111111101010101010101010101010101010101010101010101010101011
01010000000000000000000000000000000000000000000000000000000001010101010101010101010101010101010101010101010101010
01010011111111111111111111111111111111111111111111111111111111010101010101010101010101010101010101010101010101011
01010100000000000000000000000000000000000000000000000000000000010101010101010101010101010101010101010101010101010
01010100111111111111111111111111111111111111111111111111111111110101010101010101010101010101010101010101010101011
01010101000000000000000000000000000000000000000000000000000000000101010101010101010101010101010101010101010101010
01010101001111111111111111111111111111111111111111111111111111111101010101010101010101010101010101010101010101011
01010101010000000000000000000000000000000000000000000000000000000001010101010101010101010101010101010101010101010
01010101010011111111111111111111111111111111111111111111111111111111010101010101010101010101010101010101010101011
01010101010100000000000000000000000000000000000000000000000000000000010101010101010101010101010101010101010101010
01010101010100111111111111111111111111111111111111111111111111111111110101010101010101010101010101010101010101011
01010101010101000000000000000000000000000000000000000000000000000000000101010101010101010101010101010101010101010
01010101010101001111111111111111111111111111111111111111111111111111111101010101010101010101010101010101010101011
01010101010101010000000000000000000000000000000000000000000000000000000001010101010101010101010101010101010101010
01010101010101010011111111111111111111111111111111111111111111111111111111010101010101010101010101010101010101011
01010101010101010100000000000000000000000000000000000000000000000000000000010101010101010101010101010101010101010
01010101010101010100111111111111111111111111111111111111111111111111111111110101010101010101010101010101010101011
01010101010101010101000000000000000000000000000000000000000000000000000000000101010101010101010101010101010101010
01010101010101010101001111111111111111111111111111111111111111111111111111111101010101010101010101010101010101011
01010101010101010101010000000000000000000000000000000000000000000000000000000001010101010101010101010101010101010
01010101010101010101010011111111111111111111111111111111111111111111111111111111010101010101010101010101010101011
01010101010101010101010100000000000000000000000000000000000000000000000000000000010101010101010101010101010101010
01010101010101010101010100111111111111111111111111111111111111111111111111111111110101010101010101010101010101011
01010101010101010101010101000000000000000000000000000000000000000000000000000000000101010101010101010101010101010
01010101010101010101010101001111111111111111111111111111111111111111111111111111111101010101010101010101010101011
01010101010101010101010101010000000000000000000000000000000000000000000000000000000001010101010101010101010101010
01010101010101010101010101010011111111111111111111111111111111111111111111111111111111010101010101010101010101011
01010101010101010101010101010100000000000000000000000000000000000000000000000000000000010101010101010101010101010
01010101010101010101010101010100111111111111111111111111111111111111111111111111111111110101010101010101010101011
01010101010101010101010101010101000000000000000000000000000000000000000000000000000000000101010101010101010101010
01010101010101010101010101010101001111111111111111111111111111111111111111111111111111111101010101010101010101011
01010101010101010101010101010101010000000000000000000000000000000000000000000000000000000001010101010101010101010
01010101010101010101010101010101010011111111111111111111111111111111111111111111111111111111010101010101010101011
01010101010101010101010101010101010100000000000000000000000000000000000000000000000000000000010101010101010101010
01010101010101010101010101010101010100111111111111111111111111111111111111111111111111111111110101010101010101011
01010101010101010101010101010101010101000000000000000000000000000000000000000000000000000000000101010101010101010
01010101010101010101010101010101010101001111111111111111111111111111111111111111111111111111111101010101010101011
01010101010101010101010101010101010101010000000000000000000000000000000000000000000000000000000001010101010101010
01010101010101010101010101010101010101010011111111111111111111111111111111111111111111111111111111010101010101011
01010101010101010101010101010101010101010100000000000000000000000000000000000000000000000000000000010101010101010
01010101010101010101010101010101010101010100111111111111111111111111111111111111111111111111111111110101010101011
01010101010101010101010101010101010101010101000000000000000000000000000000000000000000000000000000000101010101010
01010101010101010101010101010101010101010101001111111111111111111111111111111111111111111111111111111101010101011
01010101010101010101010101010101010101010101010000000000000000000000000000000000000000000000000000000001010101010
01010101010101010101010101010101010101010101010011111111111111111111111111111111111111111111111111111111010101011
01010101010101010101010101010101010101010101010100000000000000000000000000000000000000000000000000000000010101010
01010101010101010101010101010101010101010101010100111111111111111111111111111111111111111111111111111111110101011
01010101010101010101010101010101010101010101010101000000000000000000000000000000000000000000000000000000000101010
01010101010101010101010101010101010101010101010101001111111111111111111111111111111111111111111111111111111101011
01010101010101010101010101010101010101010101010101010000000000000000000000000000000000000000000000000000000001010
01010101010101010101010101010101010101010101010101010011111111111111111111111111111111111111111111111111111111011
01010101010101010101010101010101010101010101010101010100000000000000000000000000000000000000000000000000000000010
01010101010101010101010101010101010101010101010101010100111111111111111111111111111111111111111111111111111111111
01010101010101010101010101010101010101010101010101010101000000000000000000000000000000000000000000000000000000000
11010101010101010101010101010101010101010101010101010101001111111111111111111111111111111111111111111111111111111
00010101010101010101010101010101010101010101010101010101010000000000000000000000000000000000000000000000000000000
11110101010101010101010101010101010101010101010101010101010011111111111111111111111111111111111111111111111111111
00000101010101010101010101010101010101010101010101010101010100000000000000000000000000000000000000000000000000000
11111101010101010101010101010101010101010101010101010101010100111111111111111111111111111111111111111111111111111
00000001010101010101010101010101010101010101010101010101010101000000000000000000000000000000000000000000000000000
11111111010101010101010101010101010101010101010101010101010101001111111111111111111111111111111111111111111111111
00000000010101010101010101010101010101010101010101010101010101010000000000000000000000000000000000000000000000000
11111111110101010101010101010101010101010101010101010101010101010011111111111111111111111111111111111111111111111
00000000000101010101010101010101010101010101010101010101010101010100000000000000000000000000000000000000000000000
11111111111101010101010101010101010101010101010101010101010101010100111111111111111111111111111111111111111111111
00000000000001010101010101010101010101010101010101010101010101010101000000000000000000000000000000000000000000000
11111111111111010101010101010101010101010101010101010101010101010101001111111111111111111111111111111111111111111
00000000000000010101010101010101010101010101010101010101010101010101010000000000000000000000000000000000000000000
11111111111111110101010101010101010101010101010101010101010101010101010011111111111111111111111111111111111111111
00000000000000000101010101010101010101010101010101010101010101010101010100000000000000000000000000000000000000000
11111111111111111101010101010101010101010101010101010101010101010101010100111111111111111111111111111111111111111
00000000000000000001010101010101010101010101010101010101010101010101010101000000000000000000000000000000000000000
11111111111111111111010101010101010101010101010101010101010101010101010101001111111111111111111111111111111111111
00000000000000000000010101010101010101010101010101010101010101010101010101010000000000000000000000000000000000000
11111111111111111111110101010101010101010101010101010101010101010101010101010011111111111111111111111111111111111
00000000000000000000000101010101010101010101010101010101010101010101010101010100000000000000000000000000000000000
11111111111111111111111101010101010101010101010101010101010101010101010101010100111111111111111111111111111111111
00000000000000000000000001010101010101010101010101010101010101010101010101010101000000000000000000000000000000000
11111111111111111111111111010101010101010101010101010101010101010101010101010101001111111111111111111111111111111
00000000000000000000000000010101010101010101010101010101010101010101010101010101010000000000000000000000000000000
11111111111111111111111111110101010101010101010101010101010101010101010101010101010011111111111111111111111111111
00000000000000000000000000000101010101010101010101010101010101010101010101010101010100000000000000000000000000000
11111111111111111111111111111101010101010101010101010101010101010101010101010101010100111111111111111111111111111
00000000000000000000000000000001010101010101010101010101010101010101010101010101010101000000000000000000000000000
11111111111111111111111111111111010101010101010101010101010101010101010101010101010101001111111111111111111111111
00000000000000000000000000000000010101010101010101010101010101010101010101010101010101010000000000000000000000000
11111111111111111111111111111111110101010101010101010101010101010101010101010101010101010011111111111111111111111
00000000000000000000000000000000000101010101010101010101010101010101010101010101010101010100000000000000000000000
11111111111111111111111111111111111101010101010101010101010101010101010101010101010101010100111111111111111111111
00000000000000000000000000000000000001010101010101010101010101010101010101010101010101010101000000000000000000000
11111111111111111111111111111111111111010101010101010101010101010101010101010101010101010101001111111111111111111
00000000000000000000000000000000000000010101010101010101010101010101010101010101010101010101010000000000000000000
11111111111111111111111111111111111111110101010101010101010101010101010101010101010101010101010011111111111111111
00000000000000000000000000000000000000000101010101010101010101010101010101010101010101010101010100000000000000000
11111111111111111111111111111111111111111101010101010101010101010101010101010101010101010101010100111111111111111
00000000000000000000000000000000000000000001010101010101010101010101010101010101010101010101010101000000000000000
11111111111111111111111111111111111111111111010101010101010101010101010101010101010101010101010101001111111111111
00000000000000000000000000000000000000000000010101010101010101010101010101010101010101010101010101010000000000000
11111111111111111111111111111111111111111111110101010101010101010101010101010101010101010101010101010011111111111
00000000000000000000000000000000000000000000000101010101010101010101010101010101010101010101010101010100000000000
11111111111111111111111111111111111111111111111101010101010101010101010101010101010101010101010101010100111111111
00000000000000000000000000000000000000000000000001010101010101010101010101010101010101010101010101010101000000000
11111111111111111111111111111111111111111111111111010101010101010101010101010101010101010101010101010101001111111
00000000000000000000000000000000000000000000000000010101010101010101010101010101010101010101010101010101010000000
11111111111111111111111111111111111111111111111111110101010101010101010101010101010101010101010101010101010011111
00000000000000000000000000000000000000000000000000000101010101010101010101010101010101010101010101010101010100000
11111111111111111111111111111111111111111111111111111101010101010101010101010101010101010101010101010101010100111
00000000000000000000000000000000000000000000000000000001010101010101010101010101010101010101010101010101010101000
11111111111111111111111111111111111111111111111111111111010101010101010101010101010101010101010101010101010101001
01010101010101010101010101010101010101010101010101010101010101010101010101010101010101010101010101010101010101010
1
1 2 3 4 5 6 7 8 9 10 11 12 13 14 15 16 17 18 19 20 21 22 23 24 25 26 27 28 29 30 31 32 33 34 35 36 37 38 39 40 41 42 43 44 45 46 47 48 49 50 51 52 53 54 55 56 57 58 59 60 61 62 63 64 65 66 67 68 69 70 71 72 73 74 75 76 77 78 79 80 81 82 83 84 85 86 87 88 89 90 91 92 93 94 95 96 97 98 99 100 101 102 103 104 105 106 107 108 109 110 111 112 113 114 115 0 116 
000000000000000000000000000000000000000000000000000000000001010101010101010101010101010101010101010101010101010101010
001111111111111111111111111111111111111111111111111111111111010101010101010101010101010101010101010101010101010101011
010000000000000000000000000000000000000000000000000000000000010101010101010101010101010101010101010101010101010101010
010011111111111111111111111111111111111111111111111111111111110101010101010101010101010101010101010101010101010101011
010100000000000000000000000000000000000000000000000000000000000101010101010101010101010101010101010101010101010101010
010100111111111111111111111111111111111111111111111111111111111101010101010101010101010101010101010101010101010101011
010101000000000000000000000000000000000000000000000000000000000001010101010101010101010101010101010101010101010101010
010101001111111111111111111111111111111111111111111111111111111111010101010101010101010101010101010101010101010101011
010101010000000000000000000000000000000000000000000000000000000000010101010101010101010101010101010101010101010101010
010101010011111111111111111111111111111111111111111111111111111111110101010101010101010101010101010101010101010101011
010101010100000000000000000000000000000000000000000000000000000000000101010101010101010101010101010101010101010101010
010101010100111111111111111111111111111111111111111111111111111111111101010101010101010101010101010101010101010101011
010101010101000000000000000000000000000000000000000000000000000000000001010101010101010101010101010101010101010101010
010101010101001111111111111111111111111111111111111111111111111111111111010101010101010101010101010101010101010101011
010101010101010000000000000000000000000000000000000000000000000000000000010101010101010101010101010101010101010101010
010101010101010011111111111111111111111111111111111111111111111111111111110101010101010101010101010101010101010101011
010101010101010100000000000000000000000000000000000000000000000000000000000101010101010101010101010101010101010101010
010101010101010100111111111111111111111111111111111111111111111111111111111101010101010101010101010101010101010101011
010101010101010101000000000000000000000000000000000000000000000000000000000001010101010101010101010101010101010101010
010101010101010101001111111111111111111111111111111111111111111111111111111111010101010101010101010101010101010101011
010101010101010101010000000000000000000000000000000000000000000000000000000000010101010101010101010101010101010101010
010101010101010101010011111111111111111111111111111111111111111111111111111111110101010101010101010101010101010101011
010101010101010101010100000000000000000000000000000000000000000000000000000000000101010101010101010101010101010101010
010101010101010101010100111111111111111111111111111111111111111111111111111111111101010101010101010101010101010101011
010101010101010101010101000000000000000000000000000000000000000000000000000000000001010101010101010101010101010101010
010101010101010101010101001111111111111111111111111111111111111111111111111111111111010101010101010101010101010101011
010101010101010101010101010000000000000000000000000000000000000000000000000000000000010101010101010101010101010101010
010101010101010101010101010011111111111111111111111111111111111111111111111111111111110101010101010101010101010101011
010101010101010101010101010100000000000000000000000000000000000000000000000000000000000101010101010101010101010101010
010101010101010101010101010100111111111111111111111111111111111111111111111111111111111101010101010101010101010101011
010101010101010101010101010101000000000000000000000000000000000000000000000000000000000001010101010101010101010101010
010101010101010101010101010101001111111111111111111111111111111111111111111111111111111111010101010101010101010101011
010101010101010101010101010101010000000000000000000000000000000000000000000000000000000000010101010101010101010101010
010101010101010101010101010101010011111111111111111111111111111111111111111111111111111111110101010101010101010101011
010101010101010101010101010101010100000000000000000000000000000000000000000000000000000000000101010101010101010101010
010101010101010101010101010101010100111111111111111111111111111111111111111111111111111111111101010101010101010101011
010101010101010101010101010101010101000000000000000000000000000000000000000000000000000000000001010101010101010101010
010101010101010101010101010101010101001111111111111111111111111111111111111111111111111111111111010101010101010101011
010101010101010101010101010101010101010000000000000000000000000000000000000000000000000000000000010101010101010101010
010101010101010101010101010101010101010011111111111111111111111111111111111111111111111111111111110101010101010101011
010101010101010101010101010101010101010100000000000000000000000000000000000000000000000000000000000101010101010101010
010101010101010101010101010101010101010100111111111111111111111111111111111111111111111111111111111101010101010101011
010101010101010101010101010101010101010101000000000000000000000000000000000000000000000000000000000001010101010101010
010101010101010101010101010101010101010101001111111111111111111111111111111111111111111111111111111111010101010101011
010101010101010101010101010101010101010101010000000000000000000000000000000000000000000000000000000000010101010101010
010101010101010101010101010101010101010101010011111111111111111111111111111111111111111111111111111111110101010101011
010101010101010101010101010101010101010101010100000000000000000000000000000000000000000000000000000000000101010101010
010101010101010101010101010101010101010101010100111111111111111111111111111111111111111111111111111111111101010101011
010101010101010101010101010101010101010101010101000000000000000000000000000000000000000000000000000000000001010101010
010101010101010101010101010101010101010101010101001111111111111111111111111111111111111111111111111111111111010101011
010101010101010101010101010101010101010101010101010000000000000000000000000000000000000000000000000000000000010101010
010101010101010101010101010101010101010101010101010011111111111111111111111111111111111111111111111111111111110101011
010101010101010101010101010101010101010101010101010100000000000000000000000000000000000000000000000000000000000101010
010101010101010101010101010101010101010101010101010100111111111111111111111111111111111111111111111111111111111101011
010101010101010101010101010101010101010101010101010101000000000000000000000000000000000000000000000000000000000001010
010101010101010101010101010101010101010101010101010101001111111111111111111111111111111111111111111111111111111111011
010101010101010101010101010101010101010101010101010101010000000000000000000000000000000000000000000000000000000000010
010101010101010101010101010101010101010101010101010101010011111111111111111111111111111111111111111111111111111111111
010101010101010101010101010101010101010101010101010101010100000000000000000000000000000000000000000000000000000000000
110101010101010101010101010101010101010101010101010101010100111111111111111111111111111111111111111111111111111111111
000101010101010101010101010101010101010101010101010101010101000000000000000000000000000000000000000000000000000000000
111101010101010101010101010101010101010101010101010101010101001111111111111111111111111111111111111111111111111111111
000001010101010101010101010101010101010101010101010101010101010000000000000000000000000000000000000000000000000000000
111111010101010101010101010101010101010101010101010101010101010011111111111111111111111111111111111111111111111111111
000000010101010101010101010101010101010101010101010101010101010100000000000000000000000000000000000000000000000000000
111111110101010101010101010101010101010101010101010101010101010100111111111111111111111111111111111111111111111111111
000000000101010101010101010101010101010101010101010101010101010101000000000000000000000000000000000000000000000000000
111111111101010101010101010101010101010101010101010101010101010101001111111111111111111111111111111111111111111111111
000000000001010101010101010101010101010101010101010101010101010101010000000000000000000000000000000000000000000000000
111111111111010101010101010101010101010101010101010101010101010101010011111111111111111111111111111111111111111111111
000000000000010101010101010101010101010101010101010101010101010101010100000000000000000000000000000000000000000000000
111111111111110101010101010101010101010101010101010101010101010101010100111111111111111111111111111111111111111111111
000000000000000101010101010101010101010101010101010101010101010101010101000000000000000000000000000000000000000000000
111111111111111101010101010101010101010101010101010101010101010101010101001111111111111111111111111111111111111111111
000000000000000001010101010101010101010101010101010101010101010101010101010000000000000000000000000000000000000000000
111111111111111111010101010101010101010101010101010101010101010101010101010011111111111111111111111111111111111111111
000000000000000000010101010101010101010101010101010101010101010101010101010100000000000000000000000000000000000000000
111111111111111111110101010101010101010101010101010101010101010101010101010100111111111111111111111111111111111111111
000000000000000000000101010101010101010101010101010101010101010101010101010101000000000000000000000000000000000000000
111111111111111111111101010101010101010101010101010101010101010101010101010101001111111111111111111111111111111111111
000000000000000000000001010101010101010101010101010101010101010101010101010101010000000000000000000000000000000000000
111111111111111111111111010101010101010101010101010101010101010101010101010101010011111111111111111111111111111111111
000000000000000000000000010101010101010101010101010101010101010101010101010101010100000000000000000000000000000000000
111111111111111111111111110101010101010101010101010101010101010101010101010101010100111111111111111111111111111111111
000000000000000000000000000101010101010101010101010101010101010101010101010101010101000000000000000000000000000000000
111111111111111111111111111101010101010101010101010101010101010101010101010101010101001111111111111111111111111111111
000000000000000000000000000001010101010101010101010101010101010101010101010101010101010000000000000000000000000000000
111111111111111111111111111111010101010101010101010101010101010101010101010101010101010011111111111111111111111111111
000000000000000000000000000000010101010101010101010101010101010101010101010101010101010100000000000000000000000000000
111111111111111111111111111111110101010101010101010101010101010101010101010101010101010100111111111111111111111111111
000000000000000000000000000000000101010101010101010101010101010101010101010101010101010101000000000000000000000000000
111111111111111111111111111111111101010101010101010101010101010101010101010101010101010101001111111111111111111111111
000000000000000000000000000000000001010101010101010101010101010101010101010101010101010101010000000000000000000000000
111111111111111111111111111111111111010101010101010101010101010101010101010101010101010101010011111111111111111111111
000000000000000000000000000000000000010101010101010101010101010101010101010101010101010101010100000000000000000000000
111111111111111111111111111111111111110101010101010101010101010101010101010101010101010101010100111111111111111111111
000000000000000000000000000000000000000101010101010101010101010101010101010101010101010101010101000000000000000000000
111111111111111111111111111111111111111101010101010101010101010101010101010101010101010101010101001111111111111111111
000000000000000000000000000000000000000001010101010101010101010101010101010101010101010101010101010000000000000000000
111111111111111111111111111111111111111111010101010101010101010101010101010101010101010101010101010011111111111111111
000000000000000000000000000000000000000000010101010101010101010101010101010101010101010101010101010100000000000000000
111111111111111111111111111111111111111111110101010101010101010101010101010101010101010101010101010100111111111111111
000000000000000000000000000000000000000000000101010101010101010101010101010101010101010101010101010101000000000000000
111111111111111111111111111111111111111111111101010101010101010101010101010101010101010101010101010101001111111111111
000000000000000000000000000000000000000000000001010101010101010101010101010101010101010101010101010101010000000000000
111111111111111111111111111111111111111111111111010101010101010101010101010101010101010101010101010101010011111111111
000000000000000000000000000000000000000000000000010101010101010101010101010101010101010101010101010101010100000000000
111111111111111111111111111111111111111111111111110101010101010101010101010101010101010101010101010101010100111111111
000000000000000000000000000000000000000000000000000101010101010101010101010101010101010101010101010101010101000000000
111111111111111111111111111111111111111111111111111101010101010101010101010101010101010101010101010101010101001111111
000000000000000000000000000000000000000000000000000001010101010101010101010101010101010101010101010101010101010000000
111111111111111111111111111111111111111111111111111111010101010101010101010101010101010101010101010101010101010011111
000000000000000000000000000000000000000000000000000000010101010101010101010101010101010101010101010101010101010100000
111111111111111111111111111111111111111111111111111111110101010101010101010101010101010101010101010101010101010100111
000000000000000000000000000000000000000000000000000000000101010101010101010101010101010101010101010101010101010101000
111111111111111111111111111111111111111111111111111111111101010101010101010101010101010101010101010101010101010101001
010101010101010101010101010101010101010101010101010101010101010101010101010101010101010101010101010101010101010101010
