4
197
1
1 2 3 4 5 6 7 8 9 10 11 12 13 14 15 16 17 18 19 20 21 22 23 24 25 26 27 28 29 30 31 32 33 34 35 36 37 38 39 40 41 42 43 44 45 46 47 48 49 50 51 52 53 54 55 56 57 58 59 60 61 62 63 64 65 66 67 68 69 70 71 72 73 74 75 76 77 78 79 80 81 82 83 84 85 86 87 88 89 90 91 92 93 94 95 96 97 98 99 100 101 102 103 104 105 106 107 108 109 110 111 112 113 114 115 116 117 118 119 120 121 122 123 124 125 126 127 128 129 130 131 132 133 134 135 136 137 138 139 140 141 142 143 144 145 146 147 148 149 150 151 152 153 154 155 156 157 158 159 160 161 162 163 164 165 166 167 168 169 170 171 172 173 174 175 176 177 178 179 180 181 182 183 184 185 186 187 188 189 190 191 192 193 194 195 0 196 
00000000000000000000000000000000000000000000000000000000000000000000000000000000000000000000000000010101010101010101010101010101010101010101010101010101010101010101010101010101010101010101010101010
00111111111111111111111111111111111111111111111111111111111111111111111111111111111111111111111111110101010101010101010101010101010101010101010101010101010101010101010101010101010101010101010101011
01000000000000000000000000000000000000000000000000000000000000000000000000000000000000000000000000000101010101010101010101010101010101010101010101010101010101010101010101010101010101010101010101010
01001111111111111111111111111111111111111111111111111111111111111111111111111111111111111111111111111101010101010101010101010101010101010101010101010101010101010101010101010101010101010101010101011
01010000000000000000000000000000000000000000000000000000000000000000000000000000000000000000000000000001010101010101010101010101010101010101010101010101010101010101010101010101010101010101010101010
01010011111111111111111111111111111111111111111111111111111111111111111111111111111111111111111111111111010101010101010101010101010101010101010101010101010101010101010101010101010101010101010101011
01010100000000000000000000000000000000000000000000000000000000000000000000000000000000000000000000000000010101010101010101010101010101010101010101010101010101010101010101010101010101010101010101010
01010100111111111111111111111111111111111111111111111111111111111111111111111111111111111111111111111111110101010101010101010101010101010101010101010101010101010101010101010101010101010101010101011
01010101000000000000000000000000000000000000000000000000000000000000000000000000000000000000000000000000000101010101010101010101010101010101010101010101010101010101010101010101010101010101010101010
01010101001111111111111111111111111111111111111111111111111111111111111111111111111111111111111111111111111101010101010101010101010101010101010101010101010101010101010101010101010101010101010101011
01010101010000000000000000000000000000000000000000000000000000000000000000000000000000000000000000000000000001010101010101010101010101010101010101010101010101010101010101010101010101010101010101010
01010101010011111111111111111111111111111111111111111111111111111111111111111111111111111111111111111111111111010101010101010101010101010101010101010101010101010101010101010101010101010101010101011
01010101010100000000000000000000000000000000000000000000000000000000000000000000000000000000000000000000000000010101010101010101010101010101010101010101010101010101010101010101010101010101010101010
01010101010100111111111111111111111111111111111111111111111111111111111111111111111111111111111111111111111111110101010101010101010101010101010101010101010101010101010101010101010101010101010101011
01010101010101000000000000000000000000000000000000000000000000000000000000000000000000000000000000000000000000000101010101010101010101010101010101010101010101010101010101010101010101010101010101010
01010101010101001111111111111111111111111111111111111111111111111111111111111111111111111111111111111111111111111101010101010101010101010101010101010101010101010101010101010101010101010101010101011
01010101010101010000000000000000000000000000000000000000000000000000000000000000000000000000000000000000000000000001010101010101010101010101010101010101010101010101010101010101010101010101010101010
01010101010101010011111111111111111111111111111111111111111111111111111111111111111111111111111111111111111111111111010101010101010101010101010101010101010101010101010101010101010101010101010101011
01010101010101010100000000000000000000000000000000000000000000000000000000000000000000000000000000000000000000000000010101010101010101010101010101010101010101010101010101010101010101010101010101010
01010101010101010100111111111111111111111111111111111111111111111111111111111111111111111111111111111111111111111111110101010101010101010101010101010101010101010101010101010101010101010101010101011
01010101010101010101000000000000000000000000000000000000000000000000000000000000000000000000000000000000000000000000000101010101010101010101010101010101010101010101010101010101010101010101010101010
01010101010101010101001111111111111111111111111111111111111111111111111111111111111111111111111111111111111111111111111101010101010101010101010101010101010101010101010101010101010101010101010101011
01010101010101010101010000000000000000000000000000000000000000000000000000000000000000000000000000000000000000000000000001010101010101010101010101010101010101010101010101010101010101010101010101010
01010101010101010101010011111111111111111111111111111111111111111111111111111111111111111111111111111111111111111111111111010101010101010101010101010101010101010101010101010101010101010101010101011
01010101010101010101010100000000000000000000000000000000000000000000000000000000000000000000000000000000000000000000000000010101010101010101010101010101010101010101010101010101010101010101010101010
01010101010101010101010100111111111111111111111111111111111111111111111111111111111111111111111111111111111111111111111111110101010101010101010101010101010101010101010101010101010101010101010101011
01010101010101010101010101000000000000000000000000000000000000000000000000000000000000000000000000000000000000000000000000000101010101010101010101010101010101010101010101010101010101010101010101010
01010101010101010101010101001111111111111111111111111111111111111111111111111111111111111111111111111111111111111111111111111101010101010101010101010101010101010101010101010101010101010101010101011
01010101010101010101010101010000000000000000000000000000000000000000000000000000000000000000000000000000000000000000000000000001010101010101010101010101010101010101010101010101010101010101010101010
01010101010101010101010101010011111111111111111111111111111111111111111111111111111111111111111111111111111111111111111111111111010101010101010101010101010101010101010101010101010101010101010101011
01010101010101010101010101010100000000000000000000000000000000000000000000000000000000000000000000000000000000000000000000000000010101010101010101010101010101010101010101010101010101010101010101010
01010101010101010101010101010100111111111111111111111111111111111111111111111111111111111111111111111111111111111111111111111111110101010101010101010101010101010101010101010101010101010101010101011
01010101010101010101010101010101000000000000000000000000000000000000000000000000000000000000000000000000000000000000000000000000000101010101010101010101010101010101010101010101010101010101010101010
01010101010101010101010101010101001111111111111111111111111111111111111111111111111111111111111111111111111111111111111111111111111101010101010101010101010101010101010101010101010101010101010101011
01010101010101010101010101010101010000000000000000000000000000000000000000000000000000000000000000000000000000000000000000000000000001010101010101010101010101010101010101010101010101010101010101010
01010101010101010101010101010101010011111111111111111111111111111111111111111111111111111111111111111111111111111111111111111111111111010101010101010101010101010101010101010101010101010101010101011
01010101010101010101010101010101010100000000000000000000000000000000000000000000000000000000000000000000000000000000000000000000000000010101010101010101010101010101010101010101010101010101010101010
01010101010101010101010101010101010100111111111111111111111111111111111111111111111111111111111111111111111111111111111111111111111111110101010101010101010101010101010101010101010101010101010101011
01010101010101010101010101010101010101000000000000000000000000000000000000000000000000000000000000000000000000000000000000000000000000000101010101010101010101010101010101010101010101010101010101010
01010101010101010101010101010101010101001111111111111111111111111111111111111111111111111111111111111111111111111111111111111111111111111101010101010101010101010101010101010101010101010101010101011
01010101010101010101010101010101010101010000000000000000000000000000000000000000000000000000000000000000000000000000000000000000000000000001010101010101010101010101010101010101010101010101010101010
01010101010101010101010101010101010101010011111111111111111111111111111111111111111111111111111111111111111111111111111111111111111111111111010101010101010101010101010101010101010101010101010101011
01010101010101010101010101010101010101010100000000000000000000000000000000000000000000000000000000000000000000000000000000000000000000000000010101010101010101010101010101010101010101010101010101010
01010101010101010101010101010101010101010100111111111111111111111111111111111111111111111111111111111111111111111111111111111111111111111111110101010101010101010101010101010101010101010101010101011
01010101010101010101010101010101010101010101000000000000000000000000000000000000000000000000000000000000000000000000000000000000000000000000000101010101010101010101010101010101010101010101010101010
01010101010101010101010101010101010101010101001111111111111111111111111111111111111111111111111111111111111111111111111111111111111111111111111101010101010101010101010101010101010101010101010101011
01010101010101010101010101010101010101010101010000000000000000000000000000000000000000000000000000000000000000000000000000000000000000000000000001010101010101010101010101010101010101010101010101010
01010101010101010101010101010101010101010101010011111111111111111111111111111111111111111111111111111111111111111111111111111111111111111111111111010101010101010101010101010101010101010101010101011
01010101010101010101010101010101010101010101010100000000000000000000000000000000000000000000000000000000000000000000000000000000000000000000000000010101010101010101010101010101010101010101010101010
01010101010101010101010101010101010101010101010100111111111111111111111111111111111111111111111111111111111111111111111111111111111111111111111111110101010101010101010101010101010101010101010101011
01010101010101010101010101010101010101010101010101000000000000000000000000000000000000000000000000000000000000000000000000000000000000000000000000000101010101010101010101010101010101010101010101010
01010101010101010101010101010101010101010101010101001111111111111111111111111111111111111111111111111111111111111111111111111111111111111111111111111101010101010101010101010101010101010101010101011
01010101010101010101010101010101010101010101010101010000000000000000000000000000000000000000000000000000000000000000000000000000000000000000000000000001010101010101010101010101010101010101010101010
01010101010101010101010101010101010101010101010101010011111111111111111111111111111111111111111111111111111111111111111111111111111111111111111111111111010101010101010101010101010101010101010101011
01010101010101010101010101010101010101010101010101010100000000000000000000000000000000000000000000000000000000000000000000000000000000000000000000000000010101010101010101010101010101010101010101010
01010101010101010101010101010101010101010101010101010100111111111111111111111111111111111111111111111111111111111111111111111111111111111111111111111111110101010101010101010101010101010101010101011
01010101010101010101010101010101010101010101010101010101000000000000000000000000000000000000000000000000000000000000000000000000000000000000000000000000000101010101010101010101010101010101010101010
01010101010101010101010101010101010101010101010101010101001111111111111111111111111111111111111111111111111111111111111111111111111111111111111111111111111101010101010101010101010101010101010101011
01010101010101010101010101010101010101010101010101010101010000000000000000000000000000000000000000000000000000000000000000000000000000000000000000000000000001010101010101010101010101010101010101010
01010101010101010101010101010101010101010101010101010101010011111111111111111111111111111111111111111111111111111111111111111111111111111111111111111111111111010101010101010101010101010101010101011
01010101010101010101010101010101010101010101010101010101010100000000000000000000000000000000000000000000000000000000000000000000000000000000000000000000000000010101010101010101010101010101010101010
01010101010101010101010101010101010101010101010101010101010100111111111111111111111111111111111111111111111111111111111111111111111111111111111111111111111111110101010101010101010101010101010101011
01010101010101010101010101010101010101010101010101010101010101000000000000000000000000000000000000000000000000000000000000000000000000000000000000000000000000000101010101010101010101010101010101010
01010101010101010101010101010101010101010101010101010101010101001111111111111111111111111111111111111111111111111111111111111111111111111111111111111111111111111101010101010101010101010101010101011
01010101010101010101010101010101010101010101010101010101010101010000000000000000000000000000000000000000000000000000000000000000000000000000000000000000000000000001010101010101010101010101010101010
01010101010101010101010101010101010101010101010101010101010101010011111111111111111111111111111111111111111111111111111111111111111111111111111111111111111111111111010101010101010101010101010101011
01010101010101010101010101010101010101010101010101010101010101010100000000000000000000000000000000000000000000000000000000000000000000000000000000000000000000000000010101010101010101010101010101010
01010101010101010101010101010101010101010101010101010101010101010100111111111111111111111111111111111111111111111111111111111111111111111111111111111111111111111111110101010101010101010101010101011
01010101010101010101010101010101010101010101010101010101010101010101000000000000000000000000000000000000000000000000000000000000000000000000000000000000000000000000000101010101010101010101010101010
01010101010101010101010101010101010101010101010101010101010101010101001111111111111111111111111111111111111111111111111111111111111111111111111111111111111111111111111101010101010101010101010101011
01010101010101010101010101010101010101010101010101010101010101010101010000000000000000000000000000000000000000000000000000000000000000000000000000000000000000000000000001010101010101010101010101010
01010101010101010101010101010101010101010101010101010101010101010101010011111111111111111111111111111111111111111111111111111111111111111111111111111111111111111111111111010101010101010101010101011
01010101010101010101010101010101010101010101010101010101010101010101010100000000000000000000000000000000000000000000000000000000000000000000000000000000000000000000000000010101010101010101010101010
01010101010101010101010101010101010101010101010101010101010101010101010100111111111111111111111111111111111111111111111111111111111111111111111111111111111111111111111111110101010101010101010101011
01010101010101010101010101010101010101010101010101010101010101010101010101000000000000000000000000000000000000000000000000000000000000000000000000000000000000000000000000000101010101010101010101010
01010101010101010101010101010101010101010101010101010101010101010101010101001111111111111111111111111111111111111111111111111111111111111111111111111111111111111111111111111101010101010101010101011
01010101010101010101010101010101010101010101010101010101010101010101010101010000000000000000000000000000000000000000000000000000000000000000000000000000000000000000000000000001010101010101010101010
01010101010101010101010101010101010101010101010101010101010101010101010101010011111111111111111111111111111111111111111111111111111111111111111111111111111111111111111111111111010101010101010101011
01010101010101010101010101010101010101010101010101010101010101010101010101010100000000000000000000000000000000000000000000000000000000000000000000000000000000000000000000000000010101010101010101010
01010101010101010101010101010101010101010101010101010101010101010101010101010100111111111111111111111111111111111111111111111111111111111111111111111111111111111111111111111111110101010101010101011
01010101010101010101010101010101010101010101010101010101010101010101010101010101000000000000000000000000000000000000000000000000000000000000000000000000000000000000000000000000000101010101010101010
01010101010101010101010101010101010101010101010101010101010101010101010101010101001111111111111111111111111111111111111111111111111111111111111111111111111111111111111111111111111101010101010101011
01010101010101010101010101010101010101010101010101010101010101010101010101010101010000000000000000000000000000000000000000000000000000000000000000000000000000000000000000000000000001010101010101010
01010101010101010101010101010101010101010101010101010101010101010101010101010101010011111111111111111111111111111111111111111111111111111111111111111111111111111111111111111111111111010101010101011
01010101010101010101010101010101010101010101010101010101010101010101010101010101010100000000000000000000000000000000000000000000000000000000000000000000000000000000000000000000000000010101010101010
01010101010101010101010101010101010101010101010101010101010101010101010101010101010100111111111111111111111111111111111111111111111111111111111111111111111111111111111111111111111111110101010101011
01010101010101010101010101010101010101010101010101010101010101010101010101010101010101000000000000000000000000000000000000000000000000000000000000000000000000000000000000000000000000000101010101010
01010101010101010101010101010101010101010101010101010101010101010101010101010101010101001111111111111111111111111111111111111111111111111111111111111111111111111111111111111111111111111101010101011
01010101010101010101010101010101010101010101010101010101010101010101010101010101010101010000000000000000000000000000000000000000000000000000000000000000000000000000000000000000000000000001010101010
01010101010101010101010101010101010101010101010101010101010101010101010101010101010101010011111111111111111111111111111111111111111111111111111111111111111111111111111111111111111111111111010101011
01010101010101010101010101010101010101010101010101010101010101010101010101010101010101010100000000000000000000000000000000000000000000000000000000000000000000000000000000000000000000000000010101010
01010101010101010101010101010101010101010101010101010101010101010101010101010101010101010100111111111111111111111111111111111111111111111111111111111111111111111111111111111111111111111111110101011
01010101010101010101010101010101010101010101010101010101010101010101010101010101010101010101000000000000000000000000000000000000000000000000000000000000000000000000000000000000000000000000000101010
01010101010101010101010101010101010101010101010101010101010101010101010101010101010101010101001111111111111111111111111111111111111111111111111111111111111111111111111111111111111111111111111101011
01010101010101010101010101010101010101010101010101010101010101010101010101010101010101010101010000000000000000000000000000000000000000000000000000000000000000000000000000000000000000000000000001010
01010101010101010101010101010101010101010101010101010101010101010101010101010101010101010101010011111111111111111111111111111111111111111111111111111111111111111111111111111111111111111111111111011
01010101010101010101010101010101010101010101010101010101010101010101010101010101010101010101010100000000000000000000000000000000000000000000000000000000000000000000000000000000000000000000000000010
01010101010101010101010101010101010101010101010101010101010101010101010101010101010101010101010100111111111111111111111111111111111111111111111111111111111111111111111111111111111111111111111111111
01010101010101010101010101010101010101010101010101010101010101010101010101010101010101010101010101000000000000000000000000000000000000000000000000000000000000000000000000000000000000000000000000000
11010101010101010101010101010101010101010101010101010101010101010101010101010101010101010101010101001111111111111111111111111111111111111111111111111111111111111111111111111111111111111111111111111
00010101010101010101010101010101010101010101010101010101010101010101010101010101010101010101010101010000000000000000000000000000000000000000000000000000000000000000000000000000000000000000000000000
11110101010101010101010101010101010101010101010101010101010101010101010101010101010101010101010101010011111111111111111111111111111111111111111111111111111111111111111111111111111111111111111111111
00000101010101010101010101010101010101010101010101010101010101010101010101010101010101010101010101010100000000000000000000000000000000000000000000000000000000000000000000000000000000000000000000000
11111101010101010101010101010101010101010101010101010101010101010101010101010101010101010101010101010100111111111111111111111111111111111111111111111111111111111111111111111111111111111111111111111
00000001010101010101010101010101010101010101010101010101010101010101010101010101010101010101010101010101000000000000000000000000000000000000000000000000000000000000000000000000000000000000000000000
11111111010101010101010101010101010101010101010101010101010101010101010101010101010101010101010101010101001111111111111111111111111111111111111111111111111111111111111111111111111111111111111111111
00000000010101010101010101010101010101010101010101010101010101010101010101010101010101010101010101010101010000000000000000000000000000000000000000000000000000000000000000000000000000000000000000000
11111111110101010101010101010101010101010101010101010101010101010101010101010101010101010101010101010101010011111111111111111111111111111111111111111111111111111111111111111111111111111111111111111
00000000000101010101010101010101010101010101010101010101010101010101010101010101010101010101010101010101010100000000000000000000000000000000000000000000000000000000000000000000000000000000000000000
11111111111101010101010101010101010101010101010101010101010101010101010101010101010101010101010101010101010100111111111111111111111111111111111111111111111111111111111111111111111111111111111111111
00000000000001010101010101010101010101010101010101010101010101010101010101010101010101010101010101010101010101000000000000000000000000000000000000000000000000000000000000000000000000000000000000000
11111111111111010101010101010101010101010101010101010101010101010101010101010101010101010101010101010101010101001111111111111111111111111111111111111111111111111111111111111111111111111111111111111
00000000000000010101010101010101010101010101010101010101010101010101010101010101010101010101010101010101010101010000000000000000000000000000000000000000000000000000000000000000000000000000000000000
11111111111111110101010101010101010101010101010101010101010101010101010101010101010101010101010101010101010101010011111111111111111111111111111111111111111111111111111111111111111111111111111111111
00000000000000000101010101010101010101010101010101010101010101010101010101010101010101010101010101010101010101010100000000000000000000000000000000000000000000000000000000000000000000000000000000000
11111111111111111101010101010101010101010101010101010101010101010101010101010101010101010101010101010101010101010100111111111111111111111111111111111111111111111111111111111111111111111111111111111
00000000000000000001010101010101010101010101010101010101010101010101010101010101010101010101010101010101010101010101000000000000000000000000000000000000000000000000000000000000000000000000000000000
11111111111111111111010101010101010101010101010101010101010101010101010101010101010101010101010101010101010101010101001111111111111111111111111111111111111111111111111111111111111111111111111111111
00000000000000000000010101010101010101010101010101010101010101010101010101010101010101010101010101010101010101010101010000000000000000000000000000000000000000000000000000000000000000000000000000000
11111111111111111111110101010101010101010101010101010101010101010101010101010101010101010101010101010101010101010101010011111111111111111111111111111111111111111111111111111111111111111111111111111
00000000000000000000000101010101010101010101010101010101010101010101010101010101010101010101010101010101010101010101010100000000000000000000000000000000000000000000000000000000000000000000000000000
11111111111111111111111101010101010101010101010101010101010101010101010101010101010101010101010101010101010101010101010100111111111111111111111111111111111111111111111111111111111111111111111111111
00000000000000000000000001010101010101010101010101010101010101010101010101010101010101010101010101010101010101010101010101000000000000000000000000000000000000000000000000000000000000000000000000000
11111111111111111111111111010101010101010101010101010101010101010101010101010101010101010101010101010101010101010101010101001111111111111111111111111111111111111111111111111111111111111111111111111
00000000000000000000000000010101010101010101010101010101010101010101010101010101010101010101010101010101010101010101010101010000000000000000000000000000000000000000000000000000000000000000000000000
11111111111111111111111111110101010101010101010101010101010101010101010101010101010101010101010101010101010101010101010101010011111111111111111111111111111111111111111111111111111111111111111111111
00000000000000000000000000000101010101010101010101010101010101010101010101010101010101010101010101010101010101010101010101010100000000000000000000000000000000000000000000000000000000000000000000000
11111111111111111111111111111101010101010101010101010101010101010101010101010101010101010101010101010101010101010101010101010100111111111111111111111111111111111111111111111111111111111111111111111
00000000000000000000000000000001010101010101010101010101010101010101010101010101010101010101010101010101010101010101010101010101000000000000000000000000000000000000000000000000000000000000000000000
11111111111111111111111111111111010101010101010101010101010101010101010101010101010101010101010101010101010101010101010101010101001111111111111111111111111111111111111111111111111111111111111111111
00000000000000000000000000000000010101010101010101010101010101010101010101010101010101010101010101010101010101010101010101010101010000000000000000000000000000000000000000000000000000000000000000000
11111111111111111111111111111111110101010101010101010101010101010101010101010101010101010101010101010101010101010101010101010101010011111111111111111111111111111111111111111111111111111111111111111
00000000000000000000000000000000000101010101010101010101010101010101010101010101010101010101010101010101010101010101010101010101010100000000000000000000000000000000000000000000000000000000000000000
11111111111111111111111111111111111101010101010101010101010101010101010101010101010101010101010101010101010101010101010101010101010100111111111111111111111111111111111111111111111111111111111111111
00000000000000000000000000000000000001010101010101010101010101010101010101010101010101010101010101010101010101010101010101010101010101000000000000000000000000000000000000000000000000000000000000000
11111111111111111111111111111111111111010101010101010101010101010101010101010101010101010101010101010101010101010101010101010101010101001111111111111111111111111111111111111111111111111111111111111
00000000000000000000000000000000000000010101010101010101010101010101010101010101010101010101010101010101010101010101010101010101010101010000000000000000000000000000000000000000000000000000000000000
11111111111111111111111111111111111111110101010101010101010101010101010101010101010101010101010101010101010101010101010101010101010101010011111111111111111111111111111111111111111111111111111111111
00000000000000000000000000000000000000000101010101010101010101010101010101010101010101010101010101010101010101010101010101010101010101010100000000000000000000000000000000000000000000000000000000000
11111111111111111111111111111111111111111101010101010101010101010101010101010101010101010101010101010101010101010101010101010101010101010100111111111111111111111111111111111111111111111111111111111
00000000000000000000000000000000000000000001010101010101010101010101010101010101010101010101010101010101010101010101010101010101010101010101000000000000000000000000000000000000000000000000000000000
11111111111111111111111111111111111111111111010101010101010101010101010101010101010101010101010101010101010101010101010101010101010101010101001111111111111111111111111111111111111111111111111111111
00000000000000000000000000000000000000000000010101010101010101010101010101010101010101010101010101010101010101010101010101010101010101010101010000000000000000000000000000000000000000000000000000000
11111111111111111111111111111111111111111111110101010101010101010101010101010101010101010101010101010101010101010101010101010101010101010101010011111111111111111111111111111111111111111111111111111
00000000000000000000000000000000000000000000000101010101010101010101010101010101010101010101010101010101010101010101010101010101010101010101010100000000000000000000000000000000000000000000000000000
11111111111111111111111111111111111111111111111101010101010101010101010101010101010101010101010101010101010101010101010101010101010101010101010100111111111111111111111111111111111111111111111111111
00000000000000000000000000000000000000000000000001010101010101010101010101010101010101010101010101010101010101010101010101010101010101010101010101000000000000000000000000000000000000000000000000000
11111111111111111111111111111111111111111111111111010101010101010101010101010101010101010101010101010101010101010101010101010101010101010101010101001111111111111111111111111111111111111111111111111
00000000000000000000000000000000000000000000000000010101010101010101010101010101010101010101010101010101010101010101010101010101010101010101010101010000000000000000000000000000000000000000000000000
11111111111111111111111111111111111111111111111111110101010101010101010101010101010101010101010101010101010101010101010101010101010101010101010101010011111111111111111111111111111111111111111111111
00000000000000000000000000000000000000000000000000000101010101010101010101010101010101010101010101010101010101010101010101010101010101010101010101010100000000000000000000000000000000000000000000000
11111111111111111111111111111111111111111111111111111101010101010101010101010101010101010101010101010101010101010101010101010101010101010101010101010100111111111111111111111111111111111111111111111
00000000000000000000000000000000000000000000000000000001010101010101010101010101010101010101010101010101010101010101010101010101010101010101010101010101000000000000000000000000000000000000000000000
11111111111111111111111111111111111111111111111111111111010101010101010101010101010101010101010101010101010101010101010101010101010101010101010101010101001111111111111111111111111111111111111111111
00000000000000000000000000000000000000000000000000000000010101010101010101010101010101010101010101010101010101010101010101010101010101010101010101010101010000000000000000000000000000000000000000000
11111111111111111111111111111111111111111111111111111111110101010101010101010101010101010101010101010101010101010101010101010101010101010101010101010101010011111111111111111111111111111111111111111
00000000000000000000000000000000000000000000000000000000000101010101010101010101010101010101010101010101010101010101010101010101010101010101010101010101010100000000000000000000000000000000000000000
11111111111111111111111111111111111111111111111111111111111101010101010101010101010101010101010101010101010101010101010101010101010101010101010101010101010100111111111111111111111111111111111111111
00000000000000000000000000000000000000000000000000000000000001010101010101010101010101010101010101010101010101010101010101010101010101010101010101010101010101000000000000000000000000000000000000000
11111111111111111111111111111111111111111111111111111111111111010101010101010101010101010101010101010101010101010101010101010101010101010101010101010101010101001111111111111111111111111111111111111
00000000000000000000000000000000000000000000000000000000000000010101010101010101010101010101010101010101010101010101010101010101010101010101010101010101010101010000000000000000000000000000000000000
11111111111111111111111111111111111111111111111111111111111111110101010101010101010101010101010101010101010101010101010101010101010101010101010101010101010101010011111111111111111111111111111111111
00000000000000000000000000000000000000000000000000000000000000000101010101010101010101010101010101010101010101010101010101010101010101010101010101010101010101010100000000000000000000000000000000000
11111111111111111111111111111111111111111111111111111111111111111101010101010101010101010101010101010101010101010101010101010101010101010101010101010101010101010100111111111111111111111111111111111
00000000000000000000000000000000000000000000000000000000000000000001010101010101010101010101010101010101010101010101010101010101010101010101010101010101010101010101000000000000000000000000000000000
11111111111111111111111111111111111111111111111111111111111111111111010101010101010101010101010101010101010101010101010101010101010101010101010101010101010101010101001111111111111111111111111111111
00000000000000000000000000000000000000000000000000000000000000000000010101010101010101010101010101010101010101010101010101010101010101010101010101010101010101010101010000000000000000000000000000000
11111111111111111111111111111111111111111111111111111111111111111111110101010101010101010101010101010101010101010101010101010101010101010101010101010101010101010101010011111111111111111111111111111
00000000000000000000000000000000000000000000000000000000000000000000000101010101010101010101010101010101010101010101010101010101010101010101010101010101010101010101010100000000000000000000000000000
11111111111111111111111111111111111111111111111111111111111111111111111101010101010101010101010101010101010101010101010101010101010101010101010101010101010101010101010100111111111111111111111111111
00000000000000000000000000000000000000000000000000000000000000000000000001010101010101010101010101010101010101010101010101010101010101010101010101010101010101010101010101000000000000000000000000000
11111111111111111111111111111111111111111111111111111111111111111111111111010101010101010101010101010101010101010101010101010101010101010101010101010101010101010101010101001111111111111111111111111
00000000000000000000000000000000000000000000000000000000000000000000000000010101010101010101010101010101010101010101010101010101010101010101010101010101010101010101010101010000000000000000000000000
11111111111111111111111111111111111111111111111111111111111111111111111111110101010101010101010101010101010101010101010101010101010101010101010101010101010101010101010101010011111111111111111111111
00000000000000000000000000000000000000000000000000000000000000000000000000000101010101010101010101010101010101010101010101010101010101010101010101010101010101010101010101010100000000000000000000000
11111111111111111111111111111111111111111111111111111111111111111111111111111101010101010101010101010101010101010101010101010101010101010101010101010101010101010101010101010100111111111111111111111
00000000000000000000000000000000000000000000000000000000000000000000000000000001010101010101010101010101010101010101010101010101010101010101010101010101010101010101010101010101000000000000000000000
11111111111111111111111111111111111111111111111111111111111111111111111111111111010101010101010101010101010101010101010101010101010101010101010101010101010101010101010101010101001111111111111111111
00000000000000000000000000000000000000000000000000000000000000000000000000000000010101010101010101010101010101010101010101010101010101010101010101010101010101010101010101010101010000000000000000000
11111111111111111111111111111111111111111111111111111111111111111111111111111111110101010101010101010101010101010101010101010101010101010101010101010101010101010101010101010101010011111111111111111
00000000000000000000000000000000000000000000000000000000000000000000000000000000000101010101010101010101010101010101010101010101010101010101010101010101010101010101010101010101010100000000000000000
11111111111111111111111111111111111111111111111111111111111111111111111111111111111101010101010101010101010101010101010101010101010101010101010101010101010101010101010101010101010100111111111111111
00000000000000000000000000000000000000000000000000000000000000000000000000000000000001010101010101010101010101010101010101010101010101010101010101010101010101010101010101010101010101000000000000000
11111111111111111111111111111111111111111111111111111111111111111111111111111111111111010101010101010101010101010101010101010101010101010101010101010101010101010101010101010101010101001111111111111
00000000000000000000000000000000000000000000000000000000000000000000000000000000000000010101010101010101010101010101010101010101010101010101010101010101010101010101010101010101010101010000000000000
11111111111111111111111111111111111111111111111111111111111111111111111111111111111111110101010101010101010101010101010101010101010101010101010101010101010101010101010101010101010101010011111111111
00000000000000000000000000000000000000000000000000000000000000000000000000000000000000000101010101010101010101010101010101010101010101010101010101010101010101010101010101010101010101010100000000000
11111111111111111111111111111111111111111111111111111111111111111111111111111111111111111101010101010101010101010101010101010101010101010101010101010101010101010101010101010101010101010100111111111
00000000000000000000000000000000000000000000000000000000000000000000000000000000000000000001010101010101010101010101010101010101010101010101010101010101010101010101010101010101010101010101000000000
11111111111111111111111111111111111111111111111111111111111111111111111111111111111111111111010101010101010101010101010101010101010101010101010101010101010101010101010101010101010101010101001111111
00000000000000000000000000000000000000000000000000000000000000000000000000000000000000000000010101010101010101010101010101010101010101010101010101010101010101010101010101010101010101010101010000000
11111111111111111111111111111111111111111111111111111111111111111111111111111111111111111111110101010101010101010101010101010101010101010101010101010101010101010101010101010101010101010101010011111
00000000000000000000000000000000000000000000000000000000000000000000000000000000000000000000000101010101010101010101010101010101010101010101010101010101010101010101010101010101010101010101010100000
11111111111111111111111111111111111111111111111111111111111111111111111111111111111111111111111101010101010101010101010101010101010101010101010101010101010101010101010101010101010101010101010100111
00000000000000000000000000000000000000000000000000000000000000000000000000000000000000000000000001010101010101010101010101010101010101010101010101010101010101010101010101010101010101010101010101000
11111111111111111111111111111111111111111111111111111111111111111111111111111111111111111111111111010101010101010101010101010101010101010101010101010101010101010101010101010101010101010101010101001
01010101010101010101010101010101010101010101010101010101010101010101010101010101010101010101010101010101010101010101010101010101010101010101010101010101010101010101010101010101010101010101010101010
198
0
199
0
200
1
1 2 3 4 5 6 7 8 9 10 11 12 13 14 15 16 17 18 19 20 21 22 23 24 25 26 27 28 29 30 31 32 33 34 35 36 37 38 39 40 41 42 43 44 45 46 47 48 49 50 51 52 53 54 55 56 57 58 59 60 61 62 63 64 65 66 67 68 69 70 71 72 73 74 75 76 77 78 79 80 81 82 83 84 85 86 87 88 89 90 91 92 93 94 95 96 97 98 99 100 101 102 103 104 105 106 107 108 109 110 111 112 113 114 115 116 117 118 119 120 121 122 123 124 125 126 127 128 129 130 131 132 133 134 135 136 137 138 139 140 141 142 143 144 145 146 147 148 149 150 151 152 153 154 155 156 157 158 159 160 161 162 163 164 165 166 167 168 169 170 171 172 173 174 175 176 177 178 179 180 181 182 183 184 185 186 187 188 189 190 191 192 193 194 195 196 197 198 199 0 
00000000000000000000000000000000000000000000000000000000000000000000000000000000000000000000000000000101010101010101010101010101010101010101010101010101010101010101010101010101010101010101010101010101
00111111111111111111111111111111111111111111111111111111111111111111111111111111111111111111111111111101010101010101010101010101010101010101010101010101010101010101010101010101010101010101010101010101
01000000000000000000000000000000000000000000000000000000000000000000000000000000000000000000000000000001010101010101010101010101010101010101010101010101010101010101010101010101010101010101010101010101
01001111111111111111111111111111111111111111111111111111111111111111111111111111111111111111111111111111010101010101010101010101010101010101010101010101010101010101010101010101010101010101010101010101
01010000000000000000000000000000000000000000000000000000000000000000000000000000000000000000000000000000010101010101010101010101010101010101010101010101010101010101010101010101010101010101010101010101
01010011111111111111111111111111111111111111111111111111111111111111111111111111111111111111111111111111110101010101010101010101010101010101010101010101010101010101010101010101010101010101010101010101
01010100000000000000000000000000000000000000000000000000000000000000000000000000000000000000000000000000000101010101010101010101010101010101010101010101010101010101010101010101010101010101010101010101
01010100111111111111111111111111111111111111111111111111111111111111111111111111111111111111111111111111111101010101010101010101010101010101010101010101010101010101010101010101010101010101010101010101
01010101000000000000000000000000000000000000000000000000000000000000000000000000000000000000000000000000000001010101010101010101010101010101010101010101010101010101010101010101010101010101010101010101
01010101001111111111111111111111111111111111111111111111111111111111111111111111111111111111111111111111111111010101010101010101010101010101010101010101010101010101010101010101010101010101010101010101
01010101010000000000000000000000000000000000000000000000000000000000000000000000000000000000000000000000000000010101010101010101010101010101010101010101010101010101010101010101010101010101010101010101
01010101010011111111111111111111111111111111111111111111111111111111111111111111111111111111111111111111111111110101010101010101010101010101010101010101010101010101010101010101010101010101010101010101
01010101010100000000000000000000000000000000000000000000000000000000000000000000000000000000000000000000000000000101010101010101010101010101010101010101010101010101010101010101010101010101010101010101
01010101010100111111111111111111111111111111111111111111111111111111111111111111111111111111111111111111111111111101010101010101010101010101010101010101010101010101010101010101010101010101010101010101
01010101010101000000000000000000000000000000000000000000000000000000000000000000000000000000000000000000000000000001010101010101010101010101010101010101010101010101010101010101010101010101010101010101
01010101010101001111111111111111111111111111111111111111111111111111111111111111111111111111111111111111111111111111010101010101010101010101010101010101010101010101010101010101010101010101010101010101
01010101010101010000000000000000000000000000000000000000000000000000000000000000000000000000000000000000000000000000010101010101010101010101010101010101010101010101010101010101010101010101010101010101
01010101010101010011111111111111111111111111111111111111111111111111111111111111111111111111111111111111111111111111110101010101010101010101010101010101010101010101010101010101010101010101010101010101
01010101010101010100000000000000000000000000000000000000000000000000000000000000000000000000000000000000000000000000000101010101010101010101010101010101010101010101010101010101010101010101010101010101
01010101010101010100111111111111111111111111111111111111111111111111111111111111111111111111111111111111111111111111111101010101010101010101010101010101010101010101010101010101010101010101010101010101
01010101010101010101000000000000000000000000000000000000000000000000000000000000000000000000000000000000000000000000000001010101010101010101010101010101010101010101010101010101010101010101010101010101
01010101010101010101001111111111111111111111111111111111111111111111111111111111111111111111111111111111111111111111111111010101010101010101010101010101010101010101010101010101010101010101010101010101
01010101010101010101010000000000000000000000000000000000000000000000000000000000000000000000000000000000000000000000000000010101010101010101010101010101010101010101010101010101010101010101010101010101
01010101010101010101010011111111111111111111111111111111111111111111111111111111111111111111111111111111111111111111111111110101010101010101010101010101010101010101010101010101010101010101010101010101
01010101010101010101010100000000000000000000000000000000000000000000000000000000000000000000000000000000000000000000000000000101010101010101010101010101010101010101010101010101010101010101010101010101
01010101010101010101010100111111111111111111111111111111111111111111111111111111111111111111111111111111111111111111111111111101010101010101010101010101010101010101010101010101010101010101010101010101
01010101010101010101010101000000000000000000000000000000000000000000000000000000000000000000000000000000000000000000000000000001010101010101010101010101010101010101010101010101010101010101010101010101
01010101010101010101010101001111111111111111111111111111111111111111111111111111111111111111111111111111111111111111111111111111010101010101010101010101010101010101010101010101010101010101010101010101
01010101010101010101010101010000000000000000000000000000000000000000000000000000000000000000000000000000000000000000000000000000010101010101010101010101010101010101010101010101010101010101010101010101
01010101010101010101010101010011111111111111111111111111111111111111111111111111111111111111111111111111111111111111111111111111110101010101010101010101010101010101010101010101010101010101010101010101
01010101010101010101010101010100000000000000000000000000000000000000000000000000000000000000000000000000000000000000000000000000000101010101010101010101010101010101010101010101010101010101010101010101
01010101010101010101010101010100111111111111111111111111111111111111111111111111111111111111111111111111111111111111111111111111111101010101010101010101010101010101010101010101010101010101010101010101
01010101010101010101010101010101000000000000000000000000000000000000000000000000000000000000000000000000000000000000000000000000000001010101010101010101010101010101010101010101010101010101010101010101
01010101010101010101010101010101001111111111111111111111111111111111111111111111111111111111111111111111111111111111111111111111111111010101010101010101010101010101010101010101010101010101010101010101
01010101010101010101010101010101010000000000000000000000000000000000000000000000000000000000000000000000000000000000000000000000000000010101010101010101010101010101010101010101010101010101010101010101
01010101010101010101010101010101010011111111111111111111111111111111111111111111111111111111111111111111111111111111111111111111111111110101010101010101010101010101010101010101010101010101010101010101
01010101010101010101010101010101010100000000000000000000000000000000000000000000000000000000000000000000000000000000000000000000000000000101010101010101010101010101010101010101010101010101010101010101
01010101010101010101010101010101010100111111111111111111111111111111111111111111111111111111111111111111111111111111111111111111111111111101010101010101010101010101010101010101010101010101010101010101
01010101010101010101010101010101010101000000000000000000000000000000000000000000000000000000000000000000000000000000000000000000000000000001010101010101010101010101010101010101010101010101010101010101
01010101010101010101010101010101010101001111111111111111111111111111111111111111111111111111111111111111111111111111111111111111111111111111010101010101010101010101010101010101010101010101010101010101
01010101010101010101010101010101010101010000000000000000000000000000000000000000000000000000000000000000000000000000000000000000000000000000010101010101010101010101010101010101010101010101010101010101
01010101010101010101010101010101010101010011111111111111111111111111111111111111111111111111111111111111111111111111111111111111111111111111110101010101010101010101010101010101010101010101010101010101
01010101010101010101010101010101010101010100000000000000000000000000000000000000000000000000000000000000000000000000000000000000000000000000000101010101010101010101010101010101010101010101010101010101
01010101010101010101010101010101010101010100111111111111111111111111111111111111111111111111111111111111111111111111111111111111111111111111111101010101010101010101010101010101010101010101010101010101
01010101010101010101010101010101010101010101000000000000000000000000000000000000000000000000000000000000000000000000000000000000000000000000000001010101010101010101010101010101010101010101010101010101
01010101010101010101010101010101010101010101001111111111111111111111111111111111111111111111111111111111111111111111111111111111111111111111111111010101010101010101010101010101010101010101010101010101
01010101010101010101010101010101010101010101010000000000000000000000000000000000000000000000000000000000000000000000000000000000000000000000000000010101010101010101010101010101010101010101010101010101
01010101010101010101010101010101010101010101010011111111111111111111111111111111111111111111111111111111111111111111111111111111111111111111111111110101010101010101010101010101010101010101010101010101
01010101010101010101010101010101010101010101010100000000000000000000000000000000000000000000000000000000000000000000000000000000000000000000000000000101010101010101010101010101010101010101010101010101
01010101010101010101010101010101010101010101010100111111111111111111111111111111111111111111111111111111111111111111111111111111111111111111111111111101010101010101010101010101010101010101010101010101
01010101010101010101010101010101010101010101010101000000000000000000000000000000000000000000000000000000000000000000000000000000000000000000000000000001010101010101010101010101010101010101010101010101
01010101010101010101010101010101010101010101010101001111111111111111111111111111111111111111111111111111111111111111111111111111111111111111111111111111010101010101010101010101010101010101010101010101
01010101010101010101010101010101010101010101010101010000000000000000000000000000000000000000000000000000000000000000000000000000000000000000000000000000010101010101010101010101010101010101010101010101
01010101010101010101010101010101010101010101010101010011111111111111111111111111111111111111111111111111111111111111111111111111111111111111111111111111110101010101010101010101010101010101010101010101
01010101010101010101010101010101010101010101010101010100000000000000000000000000000000000000000000000000000000000000000000000000000000000000000000000000000101010101010101010101010101010101010101010101
01010101010101010101010101010101010101010101010101010100111111111111111111111111111111111111111111111111111111111111111111111111111111111111111111111111111101010101010101010101010101010101010101010101
01010101010101010101010101010101010101010101010101010101000000000000000000000000000000000000000000000000000000000000000000000000000000000000000000000000000001010101010101010101010101010101010101010101
01010101010101010101010101010101010101010101010101010101001111111111111111111111111111111111111111111111111111111111111111111111111111111111111111111111111111010101010101010101010101010101010101010101
01010101010101010101010101010101010101010101010101010101010000000000000000000000000000000000000000000000000000000000000000000000000000000000000000000000000000010101010101010101010101010101010101010101
01010101010101010101010101010101010101010101010101010101010011111111111111111111111111111111111111111111111111111111111111111111111111111111111111111111111111110101010101010101010101010101010101010101
01010101010101010101010101010101010101010101010101010101010100000000000000000000000000000000000000000000000000000000000000000000000000000000000000000000000000000101010101010101010101010101010101010101
01010101010101010101010101010101010101010101010101010101010100111111111111111111111111111111111111111111111111111111111111111111111111111111111111111111111111111101010101010101010101010101010101010101
01010101010101010101010101010101010101010101010101010101010101000000000000000000000000000000000000000000000000000000000000000000000000000000000000000000000000000001010101010101010101010101010101010101
01010101010101010101010101010101010101010101010101010101010101001111111111111111111111111111111111111111111111111111111111111111111111111111111111111111111111111111010101010101010101010101010101010101
01010101010101010101010101010101010101010101010101010101010101010000000000000000000000000000000000000000000000000000000000000000000000000000000000000000000000000000010101010101010101010101010101010101
01010101010101010101010101010101010101010101010101010101010101010011111111111111111111111111111111111111111111111111111111111111111111111111111111111111111111111111110101010101010101010101010101010101
01010101010101010101010101010101010101010101010101010101010101010100000000000000000000000000000000000000000000000000000000000000000000000000000000000000000000000000000101010101010101010101010101010101
01010101010101010101010101010101010101010101010101010101010101010100111111111111111111111111111111111111111111111111111111111111111111111111111111111111111111111111111101010101010101010101010101010101
01010101010101010101010101010101010101010101010101010101010101010101000000000000000000000000000000000000000000000000000000000000000000000000000000000000000000000000000001010101010101010101010101010101
01010101010101010101010101010101010101010101010101010101010101010101001111111111111111111111111111111111111111111111111111111111111111111111111111111111111111111111111111010101010101010101010101010101
01010101010101010101010101010101010101010101010101010101010101010101010000000000000000000000000000000000000000000000000000000000000000000000000000000000000000000000000000010101010101010101010101010101
01010101010101010101010101010101010101010101010101010101010101010101010011111111111111111111111111111111111111111111111111111111111111111111111111111111111111111111111111110101010101010101010101010101
01010101010101010101010101010101010101010101010101010101010101010101010100000000000000000000000000000000000000000000000000000000000000000000000000000000000000000000000000000101010101010101010101010101
01010101010101010101010101010101010101010101010101010101010101010101010100111111111111111111111111111111111111111111111111111111111111111111111111111111111111111111111111111101010101010101010101010101
01010101010101010101010101010101010101010101010101010101010101010101010101000000000000000000000000000000000000000000000000000000000000000000000000000000000000000000000000000001010101010101010101010101
01010101010101010101010101010101010101010101010101010101010101010101010101001111111111111111111111111111111111111111111111111111111111111111111111111111111111111111111111111111010101010101010101010101
01010101010101010101010101010101010101010101010101010101010101010101010101010000000000000000000000000000000000000000000000000000000000000000000000000000000000000000000000000000010101010101010101010101
01010101010101010101010101010101010101010101010101010101010101010101010101010011111111111111111111111111111111111111111111111111111111111111111111111111111111111111111111111111110101010101010101010101
01010101010101010101010101010101010101010101010101010101010101010101010101010100000000000000000000000000000000000000000000000000000000000000000000000000000000000000000000000000000101010101010101010101
01010101010101010101010101010101010101010101010101010101010101010101010101010100111111111111111111111111111111111111111111111111111111111111111111111111111111111111111111111111111101010101010101010101
01010101010101010101010101010101010101010101010101010101010101010101010101010101000000000000000000000000000000000000000000000000000000000000000000000000000000000000000000000000000001010101010101010101
01010101010101010101010101010101010101010101010101010101010101010101010101010101001111111111111111111111111111111111111111111111111111111111111111111111111111111111111111111111111111010101010101010101
01010101010101010101010101010101010101010101010101010101010101010101010101010101010000000000000000000000000000000000000000000000000000000000000000000000000000000000000000000000000000010101010101010101
01010101010101010101010101010101010101010101010101010101010101010101010101010101010011111111111111111111111111111111111111111111111111111111111111111111111111111111111111111111111111110101010101010101
01010101010101010101010101010101010101010101010101010101010101010101010101010101010100000000000000000000000000000000000000000000000000000000000000000000000000000000000000000000000000000101010101010101
01010101010101010101010101010101010101010101010101010101010101010101010101010101010100111111111111111111111111111111111111111111111111111111111111111111111111111111111111111111111111111101010101010101
01010101010101010101010101010101010101010101010101010101010101010101010101010101010101000000000000000000000000000000000000000000000000000000000000000000000000000000000000000000000000000001010101010101
01010101010101010101010101010101010101010101010101010101010101010101010101010101010101001111111111111111111111111111111111111111111111111111111111111111111111111111111111111111111111111111010101010101
01010101010101010101010101010101010101010101010101010101010101010101010101010101010101010000000000000000000000000000000000000000000000000000000000000000000000000000000000000000000000000000010101010101
01010101010101010101010101010101010101010101010101010101010101010101010101010101010101010011111111111111111111111111111111111111111111111111111111111111111111111111111111111111111111111111110101010101
01010101010101010101010101010101010101010101010101010101010101010101010101010101010101010100000000000000000000000000000000000000000000000000000000000000000000000000000000000000000000000000000101010101
01010101010101010101010101010101010101010101010101010101010101010101010101010101010101010100111111111111111111111111111111111111111111111111111111111111111111111111111111111111111111111111111101010101
01010101010101010101010101010101010101010101010101010101010101010101010101010101010101010101000000000000000000000000000000000000000000000000000000000000000000000000000000000000000000000000000001010101
01010101010101010101010101010101010101010101010101010101010101010101010101010101010101010101001111111111111111111111111111111111111111111111111111111111111111111111111111111111111111111111111111010101
01010101010101010101010101010101010101010101010101010101010101010101010101010101010101010101010000000000000000000000000000000000000000000000000000000000000000000000000000000000000000000000000000010101
01010101010101010101010101010101010101010101010101010101010101010101010101010101010101010101010011111111111111111111111111111111111111111111111111111111111111111111111111111111111111111111111111110101
01010101010101010101010101010101010101010101010101010101010101010101010101010101010101010101010100000000000000000000000000000000000000000000000000000000000000000000000000000000000000000000000000000101
01010101010101010101010101010101010101010101010101010101010101010101010101010101010101010101010100111111111111111111111111111111111111111111111111111111111111111111111111111111111111111111111111111101
01010101010101010101010101010101010101010101010101010101010101010101010101010101010101010101010101000000000000000000000000000000000000000000000000000000000000000000000000000000000000000000000000000001
01010101010101010101010101010101010101010101010101010101010101010101010101010101010101010101010101001111111111111111111111111111111111111111111111111111111111111111111111111111111111111111111111111111
01010101010101010101010101010101010101010101010101010101010101010101010101010101010101010101010101010000000000000000000000000000000000000000000000000000000000000000000000000000000000000000000000000000
11010101010101010101010101010101010101010101010101010101010101010101010101010101010101010101010101010011111111111111111111111111111111111111111111111111111111111111111111111111111111111111111111111111
00010101010101010101010101010101010101010101010101010101010101010101010101010101010101010101010101010100000000000000000000000000000000000000000000000000000000000000000000000000000000000000000000000000
11110101010101010101010101010101010101010101010101010101010101010101010101010101010101010101010101010100111111111111111111111111111111111111111111111111111111111111111111111111111111111111111111111111
00000101010101010101010101010101010101010101010101010101010101010101010101010101010101010101010101010101000000000000000000000000000000000000000000000000000000000000000000000000000000000000000000000000
11111101010101010101010101010101010101010101010101010101010101010101010101010101010101010101010101010101001111111111111111111111111111111111111111111111111111111111111111111111111111111111111111111111
00000001010101010101010101010101010101010101010101010101010101010101010101010101010101010101010101010101010000000000000000000000000000000000000000000000000000000000000000000000000000000000000000000000
11111111010101010101010101010101010101010101010101010101010101010101010101010101010101010101010101010101010011111111111111111111111111111111111111111111111111111111111111111111111111111111111111111111
00000000010101010101010101010101010101010101010101010101010101010101010101010101010101010101010101010101010100000000000000000000000000000000000000000000000000000000000000000000000000000000000000000000
11111111110101010101010101010101010101010101010101010101010101010101010101010101010101010101010101010101010100111111111111111111111111111111111111111111111111111111111111111111111111111111111111111111
00000000000101010101010101010101010101010101010101010101010101010101010101010101010101010101010101010101010101000000000000000000000000000000000000000000000000000000000000000000000000000000000000000000
11111111111101010101010101010101010101010101010101010101010101010101010101010101010101010101010101010101010101001111111111111111111111111111111111111111111111111111111111111111111111111111111111111111
00000000000001010101010101010101010101010101010101010101010101010101010101010101010101010101010101010101010101010000000000000000000000000000000000000000000000000000000000000000000000000000000000000000
11111111111111010101010101010101010101010101010101010101010101010101010101010101010101010101010101010101010101010011111111111111111111111111111111111111111111111111111111111111111111111111111111111111
00000000000000010101010101010101010101010101010101010101010101010101010101010101010101010101010101010101010101010100000000000000000000000000000000000000000000000000000000000000000000000000000000000000
11111111111111110101010101010101010101010101010101010101010101010101010101010101010101010101010101010101010101010100111111111111111111111111111111111111111111111111111111111111111111111111111111111111
00000000000000000101010101010101010101010101010101010101010101010101010101010101010101010101010101010101010101010101000000000000000000000000000000000000000000000000000000000000000000000000000000000000
11111111111111111101010101010101010101010101010101010101010101010101010101010101010101010101010101010101010101010101001111111111111111111111111111111111111111111111111111111111111111111111111111111111
00000000000000000001010101010101010101010101010101010101010101010101010101010101010101010101010101010101010101010101010000000000000000000000000000000000000000000000000000000000000000000000000000000000
11111111111111111111010101010101010101010101010101010101010101010101010101010101010101010101010101010101010101010101010011111111111111111111111111111111111111111111111111111111111111111111111111111111
00000000000000000000010101010101010101010101010101010101010101010101010101010101010101010101010101010101010101010101010100000000000000000000000000000000000000000000000000000000000000000000000000000000
11111111111111111111110101010101010101010101010101010101010101010101010101010101010101010101010101010101010101010101010100111111111111111111111111111111111111111111111111111111111111111111111111111111
00000000000000000000000101010101010101010101010101010101010101010101010101010101010101010101010101010101010101010101010101000000000000000000000000000000000000000000000000000000000000000000000000000000
11111111111111111111111101010101010101010101010101010101010101010101010101010101010101010101010101010101010101010101010101001111111111111111111111111111111111111111111111111111111111111111111111111111
00000000000000000000000001010101010101010101010101010101010101010101010101010101010101010101010101010101010101010101010101010000000000000000000000000000000000000000000000000000000000000000000000000000
11111111111111111111111111010101010101010101010101010101010101010101010101010101010101010101010101010101010101010101010101010011111111111111111111111111111111111111111111111111111111111111111111111111
00000000000000000000000000010101010101010101010101010101010101010101010101010101010101010101010101010101010101010101010101010100000000000000000000000000000000000000000000000000000000000000000000000000
11111111111111111111111111110101010101010101010101010101010101010101010101010101010101010101010101010101010101010101010101010100111111111111111111111111111111111111111111111111111111111111111111111111
00000000000000000000000000000101010101010101010101010101010101010101010101010101010101010101010101010101010101010101010101010101000000000000000000000000000000000000000000000000000000000000000000000000
11111111111111111111111111111101010101010101010101010101010101010101010101010101010101010101010101010101010101010101010101010101001111111111111111111111111111111111111111111111111111111111111111111111
00000000000000000000000000000001010101010101010101010101010101010101010101010101010101010101010101010101010101010101010101010101010000000000000000000000000000000000000000000000000000000000000000000000
11111111111111111111111111111111010101010101010101010101010101010101010101010101010101010101010101010101010101010101010101010101010011111111111111111111111111111111111111111111111111111111111111111111
00000000000000000000000000000000010101010101010101010101010101010101010101010101010101010101010101010101010101010101010101010101010100000000000000000000000000000000000000000000000000000000000000000000
11111111111111111111111111111111110101010101010101010101010101010101010101010101010101010101010101010101010101010101010101010101010100111111111111111111111111111111111111111111111111111111111111111111
00000000000000000000000000000000000101010101010101010101010101010101010101010101010101010101010101010101010101010101010101010101010101000000000000000000000000000000000000000000000000000000000000000000
11111111111111111111111111111111111101010101010101010101010101010101010101010101010101010101010101010101010101010101010101010101010101001111111111111111111111111111111111111111111111111111111111111111
00000000000000000000000000000000000001010101010101010101010101010101010101010101010101010101010101010101010101010101010101010101010101010000000000000000000000000000000000000000000000000000000000000000
11111111111111111111111111111111111111010101010101010101010101010101010101010101010101010101010101010101010101010101010101010101010101010011111111111111111111111111111111111111111111111111111111111111
00000000000000000000000000000000000000010101010101010101010101010101010101010101010101010101010101010101010101010101010101010101010101010100000000000000000000000000000000000000000000000000000000000000
11111111111111111111111111111111111111110101010101010101010101010101010101010101010101010101010101010101010101010101010101010101010101010100111111111111111111111111111111111111111111111111111111111111
00000000000000000000000000000000000000000101010101010101010101010101010101010101010101010101010101010101010101010101010101010101010101010101000000000000000000000000000000000000000000000000000000000000
11111111111111111111111111111111111111111101010101010101010101010101010101010101010101010101010101010101010101010101010101010101010101010101001111111111111111111111111111111111111111111111111111111111
00000000000000000000000000000000000000000001010101010101010101010101010101010101010101010101010101010101010101010101010101010101010101010101010000000000000000000000000000000000000000000000000000000000
11111111111111111111111111111111111111111111010101010101010101010101010101010101010101010101010101010101010101010101010101010101010101010101010011111111111111111111111111111111111111111111111111111111
00000000000000000000000000000000000000000000010101010101010101010101010101010101010101010101010101010101010101010101010101010101010101010101010100000000000000000000000000000000000000000000000000000000
11111111111111111111111111111111111111111111110101010101010101010101010101010101010101010101010101010101010101010101010101010101010101010101010100111111111111111111111111111111111111111111111111111111
00000000000000000000000000000000000000000000000101010101010101010101010101010101010101010101010101010101010101010101010101010101010101010101010101000000000000000000000000000000000000000000000000000000
11111111111111111111111111111111111111111111111101010101010101010101010101010101010101010101010101010101010101010101010101010101010101010101010101001111111111111111111111111111111111111111111111111111
00000000000000000000000000000000000000000000000001010101010101010101010101010101010101010101010101010101010101010101010101010101010101010101010101010000000000000000000000000000000000000000000000000000
11111111111111111111111111111111111111111111111111010101010101010101010101010101010101010101010101010101010101010101010101010101010101010101010101010011111111111111111111111111111111111111111111111111
00000000000000000000000000000000000000000000000000010101010101010101010101010101010101010101010101010101010101010101010101010101010101010101010101010100000000000000000000000000000000000000000000000000
11111111111111111111111111111111111111111111111111110101010101010101010101010101010101010101010101010101010101010101010101010101010101010101010101010100111111111111111111111111111111111111111111111111
00000000000000000000000000000000000000000000000000000101010101010101010101010101010101010101010101010101010101010101010101010101010101010101010101010101000000000000000000000000000000000000000000000000
11111111111111111111111111111111111111111111111111111101010101010101010101010101010101010101010101010101010101010101010101010101010101010101010101010101001111111111111111111111111111111111111111111111
00000000000000000000000000000000000000000000000000000001010101010101010101010101010101010101010101010101010101010101010101010101010101010101010101010101010000000000000000000000000000000000000000000000
11111111111111111111111111111111111111111111111111111111010101010101010101010101010101010101010101010101010101010101010101010101010101010101010101010101010011111111111111111111111111111111111111111111
00000000000000000000000000000000000000000000000000000000010101010101010101010101010101010101010101010101010101010101010101010101010101010101010101010101010100000000000000000000000000000000000000000000
11111111111111111111111111111111111111111111111111111111110101010101010101010101010101010101010101010101010101010101010101010101010101010101010101010101010100111111111111111111111111111111111111111111
00000000000000000000000000000000000000000000000000000000000101010101010101010101010101010101010101010101010101010101010101010101010101010101010101010101010101000000000000000000000000000000000000000000
11111111111111111111111111111111111111111111111111111111111101010101010101010101010101010101010101010101010101010101010101010101010101010101010101010101010101001111111111111111111111111111111111111111
00000000000000000000000000000000000000000000000000000000000001010101010101010101010101010101010101010101010101010101010101010101010101010101010101010101010101010000000000000000000000000000000000000000
11111111111111111111111111111111111111111111111111111111111111010101010101010101010101010101010101010101010101010101010101010101010101010101010101010101010101010011111111111111111111111111111111111111
00000000000000000000000000000000000000000000000000000000000000010101010101010101010101010101010101010101010101010101010101010101010101010101010101010101010101010100000000000000000000000000000000000000
11111111111111111111111111111111111111111111111111111111111111110101010101010101010101010101010101010101010101010101010101010101010101010101010101010101010101010100111111111111111111111111111111111111
00000000000000000000000000000000000000000000000000000000000000000101010101010101010101010101010101010101010101010101010101010101010101010101010101010101010101010101000000000000000000000000000000000000
11111111111111111111111111111111111111111111111111111111111111111101010101010101010101010101010101010101010101010101010101010101010101010101010101010101010101010101001111111111111111111111111111111111
00000000000000000000000000000000000000000000000000000000000000000001010101010101010101010101010101010101010101010101010101010101010101010101010101010101010101010101010000000000000000000000000000000000
11111111111111111111111111111111111111111111111111111111111111111111010101010101010101010101010101010101010101010101010101010101010101010101010101010101010101010101010011111111111111111111111111111111
00000000000000000000000000000000000000000000000000000000000000000000010101010101010101010101010101010101010101010101010101010101010101010101010101010101010101010101010100000000000000000000000000000000
11111111111111111111111111111111111111111111111111111111111111111111110101010101010101010101010101010101010101010101010101010101010101010101010101010101010101010101010100111111111111111111111111111111
00000000000000000000000000000000000000000000000000000000000000000000000101010101010101010101010101010101010101010101010101010101010101010101010101010101010101010101010101000000000000000000000000000000
11111111111111111111111111111111111111111111111111111111111111111111111101010101010101010101010101010101010101010101010101010101010101010101010101010101010101010101010101001111111111111111111111111111
00000000000000000000000000000000000000000000000000000000000000000000000001010101010101010101010101010101010101010101010101010101010101010101010101010101010101010101010101010000000000000000000000000000
11111111111111111111111111111111111111111111111111111111111111111111111111010101010101010101010101010101010101010101010101010101010101010101010101010101010101010101010101010011111111111111111111111111
00000000000000000000000000000000000000000000000000000000000000000000000000010101010101010101010101010101010101010101010101010101010101010101010101010101010101010101010101010100000000000000000000000000
11111111111111111111111111111111111111111111111111111111111111111111111111110101010101010101010101010101010101010101010101010101010101010101010101010101010101010101010101010100111111111111111111111111
00000000000000000000000000000000000000000000000000000000000000000000000000000101010101010101010101010101010101010101010101010101010101010101010101010101010101010101010101010101000000000000000000000000
11111111111111111111111111111111111111111111111111111111111111111111111111111101010101010101010101010101010101010101010101010101010101010101010101010101010101010101010101010101001111111111111111111111
00000000000000000000000000000000000000000000000000000000000000000000000000000001010101010101010101010101010101010101010101010101010101010101010101010101010101010101010101010101010000000000000000000000
11111111111111111111111111111111111111111111111111111111111111111111111111111111010101010101010101010101010101010101010101010101010101010101010101010101010101010101010101010101010011111111111111111111
00000000000000000000000000000000000000000000000000000000000000000000000000000000010101010101010101010101010101010101010101010101010101010101010101010101010101010101010101010101010100000000000000000000
11111111111111111111111111111111111111111111111111111111111111111111111111111111110101010101010101010101010101010101010101010101010101010101010101010101010101010101010101010101010100111111111111111111
00000000000000000000000000000000000000000000000000000000000000000000000000000000000101010101010101010101010101010101010101010101010101010101010101010101010101010101010101010101010101000000000000000000
11111111111111111111111111111111111111111111111111111111111111111111111111111111111101010101010101010101010101010101010101010101010101010101010101010101010101010101010101010101010101001111111111111111
00000000000000000000000000000000000000000000000000000000000000000000000000000000000001010101010101010101010101010101010101010101010101010101010101010101010101010101010101010101010101010000000000000000
11111111111111111111111111111111111111111111111111111111111111111111111111111111111111010101010101010101010101010101010101010101010101010101010101010101010101010101010101010101010101010011111111111111
00000000000000000000000000000000000000000000000000000000000000000000000000000000000000010101010101010101010101010101010101010101010101010101010101010101010101010101010101010101010101010100000000000000
11111111111111111111111111111111111111111111111111111111111111111111111111111111111111110101010101010101010101010101010101010101010101010101010101010101010101010101010101010101010101010100111111111111
00000000000000000000000000000000000000000000000000000000000000000000000000000000000000000101010101010101010101010101010101010101010101010101010101010101010101010101010101010101010101010101000000000000
11111111111111111111111111111111111111111111111111111111111111111111111111111111111111111101010101010101010101010101010101010101010101010101010101010101010101010101010101010101010101010101001111111111
00000000000000000000000000000000000000000000000000000000000000000000000000000000000000000001010101010101010101010101010101010101010101010101010101010101010101010101010101010101010101010101010000000000
11111111111111111111111111111111111111111111111111111111111111111111111111111111111111111111010101010101010101010101010101010101010101010101010101010101010101010101010101010101010101010101010011111111
00000000000000000000000000000000000000000000000000000000000000000000000000000000000000000000010101010101010101010101010101010101010101010101010101010101010101010101010101010101010101010101010100000000
11111111111111111111111111111111111111111111111111111111111111111111111111111111111111111111110101010101010101010101010101010101010101010101010101010101010101010101010101010101010101010101010100111111
00000000000000000000000000000000000000000000000000000000000000000000000000000000000000000000000101010101010101010101010101010101010101010101010101010101010101010101010101010101010101010101010101000000
11111111111111111111111111111111111111111111111111111111111111111111111111111111111111111111111101010101010101010101010101010101010101010101010101010101010101010101010101010101010101010101010101001111
00000000000000000000000000000000000000000000000000000000000000000000000000000000000000000000000001010101010101010101010101010101010101010101010101010101010101010101010101010101010101010101010101010000
11111111111111111111111111111111111111111111111111111111111111111111111111111111111111111111111111010101010101010101010101010101010101010101010101010101010101010101010101010101010101010101010101010011
00000000000000000000000000000000000000000000000000000000000000000000000000000000000000000000000000010101010101010101010101010101010101010101010101010101010101010101010101010101010101010101010101010100
11111111111111111111111111111111111111111111111111111111111111111111111111111111111111111111111111110101010101010101010101010101010101010101010101010101010101010101010101010101010101010101010101010100
