1
930710048 178685048 20 274
13 10
18 3
13 9
3 19
18 3
3 5
10 2
19 13
14 19
7 5
9 13
12 7
11 13
1 5
9 2
17 2
19 18
9 7
5 15
8 14
15 19
10 9
1 3
14 18
5 17
7 15
17 9
18 16
17 18
11 3
16 11
2 9
13 12
9 1
11 19
7 13
9 19
2 8
3 7
10 13
1 18
14 12
5 10
19 1
19 9
11 19
11 2
19 17
17 14
14 5
18 1
18 16
17 1
5 18
17 6
20 5
8 18
13 18
6 12
17 7
6 9
2 11
16 20
2 20
11 16
4 3
10 8
4 11
14 9
2 14
1 11
11 19
12 14
17 2
6 7
1 14
6 1
13 18
9 20
20 10
5 16
17 16
12 20
17 2
7 12
14 16
13 6
17 19
8 1
17 4
16 15
10 15
17 15
4 15
14 4
18 7
4 3
4 7
3 15
3 11
17 4
19 7
12 3
9 12
5 6
9 8
16 14
20 19
10 20
14 18
17 8
5 19
6 7
14 1
13 11
9 7
16 1
10 4
9 8
2 18
7 20
20 1
13 7
3 14
9 16
7 16
2 9
16 7
15 1
15 2
16 17
20 7
20 9
18 15
13 9
14 19
11 1
7 12
5 2
8 1
17 9
4 3
7 10
13 14
17 13
9 15
4 5
5 3
19 20
16 19
13 8
7 9
10 15
20 11
16 18
9 16
5 13
13 10
10 1
13 15
8 15
15 12
3 8
5 8
2 16
2 13
15 1
1 11
19 15
20 13
9 4
8 3
2 18
18 1
5 19
5 12
1 5
7 19
8 5
20 15
2 1
9 19
4 1
7 20
18 19
7 11
19 9
20 9
16 11
15 20
12 18
8 13
8 1
6 4
15 5
18 17
2 3
3 12
3 20
10 7
18 10
20 4
6 14
5 2
18 16
7 18
8 3
13 17
13 16
20 14
4 5
11 15
14 12
3 11
3 7
9 7
18 6
19 16
14 3
14 16
12 2
16 5
1 10
20 15
5 7
12 15
20 3
10 3
2 16
5 18
16 13
6 5
14 5
1 18
13 8
4 15
5 2
19 18
18 10
18 20
11 8
6 12
2 4
4 9
19 11
12 1
5 3
8 1
10 16
9 3
6 15
7 13
1 5
8 14
7 18
12 11
8 15
12 7
6 15
20 2
6 14
2 6
10 9
10 18
9 6
5 2
13 20
17 19
6 5
20 17
19 7
19 6
6 13
2 10
