40
155 14163 30650
13923 15728 47914
692 9178 30879
11282 495951 29616
133 12444 16184
7946 151849 33942
7885 9014 14471
1081 13954 28903
1541 9562 6270
15077 16322 33388
1346 7325 20939
5650 8747 22341
6837 15262 21891
5585 496470 8889
2860 13695 27270
2430 8955 14042
10052 15137 38446
4704 174881 18907
4124 5235 49907
11761 16278 3697
13405 13970 15080
5851 13122 43667
8094 13463 45733
11035 13280 30638
3482 3973 10350
341 1756 20102
7547 11692 6491
9345 14705 44398
7341 16246 10513
987 13441 9037
10061 12196 16706
1526 11329 19608
9980 12841 45871
6914 13346 5772
939 13876 39242
7421 9818 33638
4650 15737 5265
1623 3702 37122
8744 12559 32489
2334 2899 12870
