10000 10000
7453 3302
1233 1541
8762 1106
2422 7824
7863 9571
3293 9934
7232 809
7635 4188
1166 4625
9637 1232
2975 3854
6048 4801
8661 9386
8736 8009
8545 8954
4988 6778
5804 5450
4489 3051
8769 127
1476 3586
8293 4149
3667 73
5066 6160
8654 5958
4862 5228
5401 9692
1126 1449
4923 4716
8328 4286
4711 1525
1692 8504
5975 8915
8981 2906
3576 6102
6327 2932
8036 9628
8390 150
2056 5075
8241 7398
1005 6797
7589 5752
1247 2720
5865 2073
2101 4076
844 6583
9233 390
1832 3922
8555 9773
1342 6287
4197 5697
8521 89
7429 6486
8579 2788
6849 6156
2894 5319
5317 6958
4262 9031
5399 3008
4644 1887
795 7550
4200 9718
5025 1477
435 5654
7408 7227
9844 5333
3396 9602
5730 8999
6615 5349
2345 8358
6654 1346
5541 73
5800 9222
9090 6532
69 1689
7679 6908
1976 8399
4447 7368
2279 4474
1627 6882
9006 9808
8706 660
379 4073
1426 1138
3307 3691
5531 1077
3922 4192
3320 7440
8482 3324
8428 6197
1993 2703
4958 9211
7551 8045
610 2354
2181 4360
2694 6895
8551 68
6161 6016
6802 2268
7934 9034
9061 6324
8916 9805
5991 3481
3687 2545
3516 1209
6695 258
9882 5339
8963 4907
318 2616
1487 8539
7100 2208
3903 7611
6052 3440
2644 1709
9925 4220
244 2900
5925 5163
9585 4467
4684 1782
8767 3706
4670 8972
4687 3070
8554 3059
1513 6261
2859 666
4611 8056
9852 8091
3248 6059
3054 6626
2592 5254
5574 1601
9278 3053
4053 5140
6803 2531
7723 1884
4599 3199
3833 3788
2429 240
7815 915
8981 8267
9412 5533
6043 3604
5199 4101
3433 9831
8141 3156
833 8020
9028 3218
9222 233
4351 5442
3619 7502
2618 2253
6519 9072
2631 6125
7327 9127
5257 4861
2855 3750
8602 704
3547 4721
7188 4430
9767 8158
2027 9691
5973 9779
8898 9358
6265 5202
2532 947
4185 8957
1154 6334
4561 2925
5960 9767
7581 1187
7892 516
6515 6210
7651 8339
1604 3306
2931 3117
546 6021
3684 844
2126 2551
4545 3591
3844 3866
364 6487
7108 6194
7924 8531
7598 8843
5698 7125
7109 4511
3639 3181
5407 9168
9293 8139
4038 783
716 1072
1318 2815
5825 1398
9000 7223
237 7120
5361 1911
7722 6168
2347 2318
8307 2318
2005 8502
8769 9057
3611 4104
9568 1829
8828 314
759 82
8336 8143
701 9115
284 3512
4011 6018
3818 5981
3782 1229
6100 7121
1465 1065
5524 593
1903 9699
8054 6668
7207 2520
4140 9714
695 548
9133 4801
4712 3107
4942 8175
3064 4239
9065 8309
5717 2629
5001 2902
3447 6699
2888 6549
8928 999
3306 4053
7567 5508
7816 6806
769 1121
2238 9924
3313 9994
7867 9702
3799 8055
5941 3758
7335 6795
3825 7698
3161 6484
1122 2342
147 1672
4645 9041
7485 3543
1098 8938
2946 4174
4097 2563
35 9924
5304 4257
5723 3136
1277 5505
253 9445
8177 8414
2020 1002
7640 8919
4361 4313
9506 3301
8475 8248
5622 3703
9133 3215
3923 6005
9149 5312
5685 3336
8562 9782
5691 1205
6990 9380
8567 5286
593 8115
4631 3095
66 7962
8758 7706
4050 1034
1328 5003
858 3977
6887 4895
5559 7453
3653 1883
1212 790
5410 2022
9293 3174
4043 6157
9780 1659
6599 5338
1937 101
151 4973
7727 632
3644 6134
7255 2616
4420 9725
668 2579
1925 9177
653 9351
6048 2294
2009 6933
2771 7946
4408 38
8387 3039
909 3204
2522 6226
9350 3223
9384 7507
7152 3795
4568 3723
8023 7917
9223 6472
1695 6498
3070 7809
8492 1531
2459 4847
9763 7914
9391 370
4688 7442
4073 790
8532 8210
6782 7903
5977 5027
7629 2739
542 454
5292 5113
5118 8290
6993 7280
1214 943
6112 9781
6732 4945
2543 3357
7991 258
453 8696
4665 2871
7290 3295
7074 1754
7829 3745
6214 7068
3677 9114
5798 3060
4366 1116
4064 3636
6958 276
8359 705
2470 4731
1784 5785
7017 7118
7695 6642
9913 2685
4319 8507
2403 4239
3651 8582
5531 5009
5093 8403
4214 8085
3160 2377
4205 6640
4861 1474
9654 87
6123 4240
2296 2705
3215 3412
9610 6278
8536 3018
6643 809
4707 6048
7327 7758
1345 6530
9072 9316
6391 5293
1388 6463
1848 7444
2962 56
7605 8986
3810 3037
1325 5491
5022 2390
5615 3711
8821 7415
572 4840
3719 3788
8985 9143
9315 721
7027 8121
5475 344
5903 246
5164 2404
5618 6534
9572 4253
1150 3113
5630 5574
9031 4732
9309 3971
5237 1496
5767 8373
1538 6056
3291 5318
8718 7890
9563 1651
2823 5214
9784 1
3505 873
4553 2158
3715 8498
4496 7916
5689 4216
3628 1977
5539 2914
9770 3164
4399 4064
3879 3809
1845 4461
5320 1470
7025 3913
3809 2772
2107 2432
9751 7134
9149 7980
5660 2798
9698 6515
1014 4330
5906 9440
7283 9860
7229 8317
8188 7201
2634 6334
8514 2816
5460 9912
7386 123
1866 3020
5237 1395
3661 9687
4940 2952
3071 2814
304 4355
9350 3894
1658 4930
408 9003
3656 3235
5656 4478
9915 1554
8191 7781
8939 107
292 6533
4916 6390
5973 5647
2412 4195
2758 4374
4109 8967
466 1560
2878 8116
600 6280
3448 8156
756 5247
2393 1126
1903 3665
1894 6270
4228 1016
7625 3266
2319 2288
2790 3257
4138 2471
5790 845
6865 3028
6859 792
5023 2913
2989 9153
9903 3592
8339 9363
5136 1627
542 3211
367 7829
6047 2859
23 6664
8549 384
9928 5150
2721 8632
6445 7746
658 5782
8162 8337
8761 8111
9106 5652
1627 1022
9899 6905
7044 2385
1823 101
7284 9593
1674 5735
9604 5455
3356 5482
9283 5913
6358 5910
1272 913
7184 9101
9337 619
4432 720
8206 7271
7041 5737
9218 8534
7601 8325
6085 8603
9284 4795
9384 5164
5792 1240
7416 1627
3145 3364
6603 8855
2348 1683
4825 1111
7348 78
9336 2994
4224 9017
9657 9744
1247 2145
9007 2224
7060 4573
5660 2835
7851 6655
3649 6718
7963 890
1000 4089
6759 7619
414 6
2865 8381
2374 2247
1522 4936
3131 8698
873 9765
8734 1602
944 255
7243 1675
5816 127
7015 4325
4652 432
7732 3323
6323 2557
2386 9257
180 3228
9203 5844
2610 2955
5193 8039
7 4731
1211 4075
5334 1768
2492 7319
168 5876
3236 2745
2292 2134
5579 2333
8117 1819
8579 3900
2849 3595
1935 3249
8725 7245
5409 9144
7581 4650
3020 6868
1894 4041
7961 2319
3257 1798
3597 1818
8394 6039
337 8482
1063 2146
8535 5554
2413 8989
9967 8825
954 5835
5039 912
2339 7171
2310 9634
4264 2430
2588 7911
4875 8480
5019 4555
2044 8645
2309 139
4848 4648
3404 1898
8301 9377
4183 8883
8463 1871
6807 1866
2640 8025
2390 628
3342 8205
4289 4485
8092 5608
7093 2798
7710 2463
5192 2249
5414 7362
9762 899
4573 601
5435 2458
4241 2422
4326 9105
1671 633
9577 5325
6641 3282
4938 9337
5985 4675
1048 848
8385 8383
4047 9253
5442 2617
1952 70
2264 7077
1421 9369
8589 382
4049 5350
1517 2874
6376 3777
516 8860
3011 2410
4524 7299
6625 5429
3817 8390
3580 6275
9139 1913
4196 6939
3125 3723
314 2946
6037 8831
2210 4087
5407 1070
3234 5869
8861 9792
294 7284
3829 7764
6676 6334
5188 7480
4534 1777
6854 3946
1465 9115
4494 5660
8563 5591
6128 5217
9788 5016
2437 9396
9768 3684
3961 2564
2541 226
7877 7237
1872 8344
8045 1437
6336 6862
9650 3070
2865 1328
6167 7468
8501 8943
3472 6136
8346 7975
2713 9287
5705 7920
6929 9
1509 7706
9170 6206
4947 5828
8609 8238
3033 4526
1951 5691
9427 848
233 545
5992 4789
1293 2755
6139 6546
764 5804
1360 5035
5045 9874
9242 7605
299 7031
2135 2448
3351 9069
6523 4124
8551 9560
2949 5452
6988 6951
9720 881
5273 2912
83 9699
1840 1344
7952 7015
6712 7691
48 443
7911 8421
2379 8081
6870 3976
2462 7135
2203 1015
8547 3945
3772 2486
7520 2684
7860 5212
6035 4265
1223 2503
6195 8493
5777 3577
2402 4682
4263 1735
7490 9961
7107 9461
8607 1265
5343 240
9461 6840
4262 8413
5843 647
3334 6865
8696 3031
1391 7669
1714 756
4046 8608
519 1075
6196 8381
5498 5339
5675 4997
6832 2082
7330 3561
5880 957
8303 8610
1322 1515
7903 8545
1851 7547
5607 331
2190 1971
4400 5264
9060 6023
4675 4832
1566 2502
1576 1015
4718 6033
1197 5650
9653 5805
7546 9271
9686 8331
1782 2420
7364 1197
9955 8580
1765 5500
1626 3670
4721 7756
1626 1265
408 9446
8014 1027
8195 6082
5866 2369
4962 9935
3941 3048
3597 6309
9886 6772
7206 773
9827 4352
2693 6624
7605 1722
6285 8105
6927 7013
3082 5917
6714 5159
8734 1067
6414 4044
4314 8389
4588 2195
6249 8396
7407 59
8885 4090
1503 5630
5200 799
834 1419
4111 1256
6178 6605
5200 7339
9151 1633
2969 7826
9500 7028
9372 9766
3752 7027
7963 124
3504 9392
6586 1247
4124 4153
2783 3869
848 4992
5031 5254
1974 850
1176 2297
7822 4406
7694 4171
1341 4364
499 5473
6447 8126
3353 9705
153 5515
9745 3427
5172 6280
9483 6412
6227 6210
7451 4664
1926 4652
8969 1281
7468 482
837 2435
8553 8219
1208 969
5212 6190
6055 2933
1258 5216
4671 8235
7535 8110
4217 6285
9637 9844
7406 5205
3639 4424
2903 8126
540 6086
724 396
4164 7180
4454 6678
5088 2938
6765 6086
3801 8028
1398 7134
2967 9677
7022 3230
5426 411
4326 8373
7488 888
512 7895
8331 594
8139 603
9100 8387
6206 8567
3480 2004
8908 5978
4597 5177
4670 8871
9750 7699
198 5929
9025 459
1602 3068
2022 5600
9170 44
7919 7925
2105 3824
3242 7406
2021 5997
423 1486
2175 8063
2043 7649
5869 2958
8810 1337
7594 394
7519 6004
3914 3095
257 5653
9807 8776
8940 8340
1359 9312
4253 9850
4209 7129
2685 5917
994 3357
9377 5517
1210 9991
5309 2529
5068 902
294 1931
5561 3303
459 7471
4980 1350
2620 3319
4689 9950
487 4570
5460 2299
1524 215
4694 5253
9055 6608
7775 2162
3685 322
8913 5233
1184 8612
5129 2772
778 1345
7062 6026
713 6523
1636 6488
5792 8282
9905 8287
1718 4821
2535 7765
1314 1901
9079 8952
3006 1957
8988 9547
902 6088
5157 4470
8551 1674
1806 4580
9759 8680
5989 2683
3905 5026
7745 5480
2421 8864
4126 3767
7498 9227
1049 5739
7298 4757
2723 62
8692 268
2292 9744
7264 1910
6876 9776
6804 2125
7387 6529
6205 5027
604 2670
9189 6661
1025 6830
8435 7719
9274 6970
4236 6285
3206 1441
9408 7440
4231 9121
1495 5188
3809 5990
3515 9619
350 486
8156 5786
9295 1037
2807 4642
743 7017
2266 7487
7851 11
8221 5094
2803 9614
2466 2885
5467 7635
9045 5205
2175 2027
1682 3489
6721 8904
5183 3312
8073 6844
2560 1366
8715 6621
8162 2809
2566 8701
9052 1781
9595 3200
5050 4571
1915 1410
135 3432
5061 9229
6221 9052
1987 569
3336 6130
2865 2372
6232 9765
3460 9995
443 5164
3185 9412
5283 3715
8391 8975
1895 5751
6781 6351
2292 945
7013 7797
6135 90
6349 8993
5794 9118
2664 8332
5151 600
3756 7427
2410 5593
9771 3680
8814 4273
4816 1211
153 9976
2149 6415
1022 447
5556 5115
2318 9450
3425 9163
6172 4270
1451 2202
7069 1661
6442 7701
9796 2802
3914 9459
4353 3777
1444 8697
8759 607
7306 1271
7371 563
6976 5578
5742 8888
8302 6555
4970 3503
9943 2804
6466 9146
3608 274
8764 4122
6525 5056
941 6341
1136 5549
6816 2772
8549 1437
1018 4628
6616 3442
6877 5522
3845 224
3715 2881
8132 189
4670 9259
1044 1118
8297 6153
3838 5517
5357 2395
9201 4807
7333 1497
3905 5670
7016 2300
7246 9706
9633 1137
1420 4209
6192 9683
9049 3623
6179 7244
3929 2318
1882 1817
1220 6072
4901 8080
2717 1608
6514 3517
9951 9301
1727 7541
2727 5704
2262 9952
4046 3138
8340 3602
4041 2690
1697 8851
243 7445
1212 9181
3038 2279
6074 5746
8813 6457
9290 5956
1842 3794
9083 8330
2743 1062
5008 1619
7287 705
4494 6693
18 2963
8901 7866
7727 1076
2147 2323
8049 9245
302 9416
8146 8847
2382 4383
2911 2968
9827 7071
6671 6789
7649 5771
6912 1916
8633 8646
4163 363
7465 1733
1330 8911
3307 8458
7639 9819
4713 6607
3233 5762
2420 6138
376 1393
2685 4879
3211 614
7810 9988
1081 9931
2634 9632
8877 4273
5301 5265
2972 9253
623 3195
2791 3588
2174 2553
1880 8713
3085 5884
5679 2981
2801 640
4339 6269
8095 2344
5299 8541
3896 4684
8297 5844
3728 2904
789 5734
9500 4121
1422 1857
7769 3765
8824 543
7886 8180
3171 1243
2492 2186
6341 7644
7607 4018
9054 4864
136 5420
8340 1132
5411 2799
8046 3419
9158 8424
8257 2191
7505 7426
860 1007
4950 2823
1703 558
2332 5493
7303 5240
7623 4382
9100 825
5592 8777
7003 7066
1903 9335
2670 6575
6759 2465
2113 1739
9719 2579
3446 8401
2181 9311
8503 3818
1875 1220
3225 3522
4189 8537
3852 5992
3556 4863
5211 7757
8357 6592
179 3958
2314 2766
5265 6659
3726 7387
7854 8002
6636 3830
7385 7746
1630 8502
8386 7704
2238 1161
8464 6298
3763 1316
4511 5633
210 6863
4196 6524
1071 2028
7510 8766
2271 4990
7787 7652
5269 388
8483 7601
4642 65
7603 186
7416 8527
6599 4847
7456 6894
3962 8645
5149 9603
1694 7716
1924 7458
8901 5383
6877 2136
4782 6710
2253 1334
1791 6328
2858 4653
9688 3130
3899 9515
4729 1186
7227 1065
7287 4488
6326 6492
3992 7416
6263 1423
7519 9935
7579 9409
701 176
7232 3728
2371 3762
7788 9591
1911 4917
195 4646
2955 7709
8744 4879
3224 6180
9224 906
6995 9784
4222 6243
4240 6409
336 9445
7699 3629
5794 6215
218 2590
5455 8193
8030 8338
5799 5123
8753 8161
1467 6459
9769 9629
9850 6210
4550 5799
779 4827
8963 1301
2809 8704
3863 2227
2629 4980
8698 7467
9996 6759
7411 524
6132 8808
2303 9406
7786 4899
8075 3598
426 5296
5687 1365
3612 4812
4639 1839
7775 8199
1833 8959
6065 812
4803 199
6576 6618
4160 8045
7797 4006
1214 7060
8459 8230
5760 8263
908 6629
9465 5190
926 1425
6951 329
7844 5901
1320 7901
5537 9244
5281 3015
2277 131
4656 4596
2439 1622
16 9564
8722 4752
2972 6287
881 6789
7460 1903
5474 9176
8310 4714
8921 1432
7986 2596
4374 6404
4162 6341
8055 7203
8939 8270
2553 9689
4918 5140
5031 6082
5284 7841
5054 7155
7710 1714
9749 9499
9171 8008
4102 4908
5169 2928
7714 2332
4426 9268
9997 7763
5571 9647
1993 278
9290 2345
1545 5993
1068 6117
3433 9086
1934 9416
8877 4084
1778 8914
3359 9887
4130 7661
7578 8854
6331 7870
8901 5068
5483 8524
7295 5711
3224 6049
9133 3986
8665 855
7191 3543
1225 8142
6933 5555
1407 7414
4847 959
4752 5331
3096 1058
3205 2586
2599 7757
7807 7228
413 2210
8976 6514
669 3530
2810 1986
6930 801
9088 7946
2318 3624
1902 5391
1681 370
5274 784
6380 2928
1222 5997
1731 7103
6608 585
1235 1217
1735 7141
7177 3088
6695 8623
2181 1125
4721 3736
6395 818
5560 2082
5620 8929
301 7079
1831 35
650 747
6437 1636
4431 4748
1509 9446
4782 1157
3386 298
4819 2579
1514 7061
9866 8286
2897 9256
4239 2088
1670 7023
143 733
1937 7525
7198 6536
4029 4192
7493 4049
913 6314
3144 2719
5079 745
3281 5283
9050 9524
17 4933
2618 3734
1700 8431
7578 385
5214 7460
2022 4315
7514 9423
1479 821
4323 6689
2067 5622
8815 7377
5711 9052
2871 3172
584 4805
9687 5993
7012 3597
8558 9134
3232 6789
1404 7983
7919 9036
8488 5414
7164 1615
5445 9127
4555 5982
4630 939
4350 96
5390 2141
4902 1197
1530 7112
2770 4282
1094 9033
3610 9582
2596 9723
7976 1140
2909 6894
9836 8328
1236 5817
7067 8066
2443 703
1433 7008
11 4913
9812 595
4430 6339
2700 3969
9836 8745
7431 6889
1376 8159
380 4243
39 6948
7798 7626
949 6651
1092 2119
4997 3730
3502 2251
2562 2985
6556 1959
5227 3888
4561 8838
6318 6034
8764 6970
5443 1902
1698 2928
6828 442
1835 5727
5944 2026
1922 4004
5752 2933
6001 2085
9493 9377
5316 2189
2575 5018
810 2002
8444 781
8191 8866
6692 4825
6120 5276
6615 8466
6276 1988
2407 3822
7561 9854
6626 1543
3480 7560
6762 1119
9511 3794
1503 7776
3406 5749
2923 9975
3876 4511
9777 9619
3700 8942
9377 723
1220 9645
8958 806
3348 5078
700 8241
4714 3404
4961 2282
2743 7470
3835 5373
1143 9000
6675 5448
1917 6309
3504 5915
1404 9065
2349 2113
3705 8324
5982 5843
5273 4941
3064 8587
6187 2629
2863 7759
7092 187
9120 5934
8887 5991
135 7963
9993 312
1530 6688
2542 407
5205 5068
4855 340
3579 8488
4874 576
8171 2524
1700 261
9078 8897
3474 7274
7249 8745
904 9485
5406 1932
952 6613
4999 6305
8786 5783
1446 2774
7620 3916
6915 977
4069 3190
2847 387
1919 7795
2100 104
4475 7911
1833 9660
1755 2754
2707 3267
7604 2373
2702 8521
1492 7814
5912 4193
1131 1732
9709 2040
5761 8317
7879 7930
4606 7771
1645 5588
290 3835
2108 3134
7152 5912
7892 9687
1068 2322
2480 6838
3514 8158
9004 7313
1873 955
1817 882
9869 7670
6346 1857
7197 8556
3950 7971
8754 1992
9134 6417
6960 5467
984 3844
2925 7361
5665 423
5421 5834
9262 6041
6237 9924
4249 6223
7359 8214
1022 3009
8131 8602
9446 510
9045 8881
9894 6911
902 1331
4986 9502
5263 4776
445 7411
8967 6788
8743 48
996 8293
6314 8837
7319 6539
7929 6800
7365 4071
8629 5236
3757 4552
1786 4561
758 8298
1992 3072
8590 5955
7228 9121
680 1180
3555 121
1887 7121
6408 7030
2344 5014
9293 2932
2305 7142
3700 4239
7688 1254
8969 5382
7612 1587
5016 718
4078 4638
1933 8552
2563 2286
8988 6033
4573 8841
9192 1405
5007 6807
2150 3219
6950 6739
7565 8440
8894 1470
5628 7985
3275 2664
714 6851
5991 2549
4755 1736
8554 5804
761 8866
1534 5071
8204 226
5862 8265
141 824
825 347
8727 3715
9380 6449
5510 1170
5850 8309
4231 2876
3930 9820
785 7516
3463 7418
2028 1009
3092 3362
3283 7728
8996 2570
8948 2423
2334 1400
3959 8291
4847 6427
8039 3930
3497 9249
2831 6280
5286 1347
9581 419
9298 943
4745 3549
4097 7231
8648 2705
239 5372
7806 9956
4918 5808
2556 846
9652 5684
7236 1123
6108 9446
5589 2243
6566 4893
5293 2704
9321 8908
6115 4902
5119 174
3857 2810
9584 3629
5275 6631
1629 2671
721 8389
5500 8061
4044 1089
9212 6865
1036 3707
2693 2823
3814 1454
6 8538
1389 3144
70 2682
7836 3636
2331 2306
9744 6134
1604 3830
7936 2340
3967 4349
4656 2121
522 4950
7527 7754
1171 293
3790 3371
7379 6681
9357 570
3486 6107
89 2152
975 6594
6227 3537
1545 5938
8800 4756
5788 4717
4537 8073
791 9176
2241 2124
3285 4335
5310 5900
6768 364
8704 9091
8135 5659
813 331
7151 7980
5511 1929
5685 44
7201 7963
5437 4370
5178 8960
5645 1368
2804 5973
1216 4390
1650 9035
9019 965
3092 2306
1397 3069
661 5645
1463 4445
5967 3657
4448 1064
1865 7946
582 5999
4959 5676
812 8394
8887 6198
4705 4795
2492 4475
1482 22
8861 6620
6904 3570
9507 6406
2156 1215
8927 5032
477 4496
3656 2245
7317 4259
1108 4167
9123 6248
4912 4793
1901 6915
5245 5504
1957 2553
5054 771
3905 8669
1101 2076
5696 5539
1912 2117
7189 488
3517 9545
1880 9738
6043 155
7211 8491
5928 2819
7569 8404
1605 6955
210 4084
1099 547
5756 3049
6499 4857
6866 9567
6351 774
76 8397
7427 774
9594 2320
9026 6489
8080 7569
8488 2245
8245 107
2256 4721
419 7491
8647 7922
7246 277
9400 8357
938 5088
1400 6769
5264 1269
3789 1265
3999 2517
2500 8858
2215 9713
497 3539
7624 7434
605 2407
3058 8419
9729 9261
722 9792
8262 4499
1813 1963
101 1807
4574 1351
7684 9695
8767 8670
5799 3198
1732 2522
2730 2912
3055 2826
9313 393
2871 9637
8426 1102
5521 3913
3149 6737
507 9884
9228 1618
7933 4522
189 4541
5749 2250
2137 3258
8330 1644
1215 2087
590 3022
9025 5057
8799 3386
4446 8812
8948 3196
472 6643
6504 2976
6712 436
8029 2310
4454 6848
2694 9144
8452 1231
5055 1018
5669 8012
8488 4126
4374 2521
1544 6281
5495 1109
1543 3094
9793 9384
7945 8272
4444 5762
4856 5770
621 2549
7748 5565
7577 1119
726 7921
1566 9646
251 6705
868 3881
5632 2294
7129 5039
9532 9525
7813 1151
8435 9155
1349 8907
8664 4247
1749 4343
9570 3924
8691 3866
8175 7571
2910 9585
8289 7191
7683 3927
8332 6878
7852 9198
7368 8386
130 7062
8466 9769
8658 6676
4032 130
1660 3077
7613 718
4211 1605
4656 84
4447 9468
6606 6298
3300 9143
7303 4320
4817 3097
4885 7292
5862 866
7806 665
1742 1714
9615 3767
1194 1476
4202 4495
2305 2638
3652 165
4638 3369
3647 4776
1758 9616
2078 1473
6736 9221
3756 1905
3018 7844
8644 3330
5761 8558
9505 5429
6037 3477
1530 6204
96 2119
1564 4999
3169 5451
8147 4958
4608 3288
4774 6225
3915 6368
3938 6864
2673 8292
6555 2915
5322 7649
303 2443
3462 9354
9400 5744
1323 4872
3465 3371
9543 5751
9845 3181
873 3057
8120 2377
8968 474
3967 4527
8857 8693
2466 5874
5495 9539
6558 9843
7464 4026
2489 4467
6494 2961
947 166
3085 1880
2074 7721
967 2801
4419 4949
5431 5775
4412 1817
1980 7867
2267 9611
825 4330
814 9624
4889 2422
6999 7543
488 5754
2397 4598
7473 109
6277 2759
7218 3000
281 1
5495 3350
386 304
9653 9867
2848 110
5357 8498
6627 1059
1476 5379
3860 9315
2984 5236
2466 9282
700 5956
1378 4965
4531 1120
978 1925
2400 7619
640 4604
8969 9362
8499 445
9766 4872
8704 2675
2390 2631
5799 452
3349 4205
8023 8777
5633 8196
253 5522
4767 701
4709 3628
3361 159
3509 8722
3530 5303
2247 6082
6066 7611
5659 5986
8798 6348
8847 9121
9150 6844
7979 3387
2006 9974
5048 7736
7428 3024
9064 8750
5916 9370
3134 2415
8055 4919
7671 62
9354 9371
6570 775
8851 2731
6015 5223
2490 6436
518 8377
626 4070
2423 4272
2036 1738
1950 6089
562 9079
5962 7594
8337 82
8820 3330
162 6758
8012 7612
6112 6732
4939 4112
9330 310
3432 9460
5976 7723
9391 6585
7966 6062
2352 9242
3766 5459
6717 5426
6341 5991
3991 5626
462 1103
3045 6474
3840 5191
236 3635
5522 1306
3175 85
7134 6857
1120 6481
5425 9140
4829 7355
2348 3380
9683 2556
7501 5993
6243 9738
7551 7809
9244 5663
6612 2906
5461 5738
9501 6896
7144 6547
5439 6920
5424 3405
7634 8042
5262 3660
813 8513
8971 9122
3177 3678
2290 8384
8473 7303
5255 9023
1724 9712
8408 3159
3005 3935
8961 1509
6336 4610
774 5440
6322 3758
3726 2921
2803 685
8159 448
8330 9711
9309 8365
9351 8465
2925 6426
9992 3654
150 6349
5521 2955
7590 6830
1042 3676
8316 2070
579 6486
4245 6132
5716 908
3068 5618
7607 298
2949 1640
3552 5478
7826 1275
9372 5074
3119 8102
385 6079
8669 7983
6628 5130
1115 5605
8165 5663
8669 4921
8120 6478
3943 3373
9801 8681
598 9880
4034 6377
6529 4139
4013 4243
1161 9794
4431 16
5192 7370
2739 6658
3958 2098
9688 1336
825 6219
5740 9641
2535 26
2485 3397
7632 6355
7360 8172
4339 9273
4796 3616
6323 7554
7510 1927
812 5516
9279 34
9331 1890
8107 9839
4811 8109
1755 2323
819 3142
1732 1196
5030 658
3614 5088
9188 4716
9445 8951
3093 2795
9065 8813
1065 2664
540 3512
1722 9423
6823 2095
1699 1072
8303 9652
9472 599
7703 9569
432 2312
1878 3850
3846 6387
9716 1725
6518 3572
2636 9822
516 8563
2682 3041
4126 3818
9376 3657
8291 3528
27 9057
4305 8327
2446 7387
341 7842
3493 943
105 4636
5022 6934
2754 2372
6309 8404
8557 342
9833 5114
7280 8077
6844 4662
8164 2509
1702 1659
3163 2590
7597 2319
5369 1389
8742 8300
6541 8612
1616 6385
2550 1345
339 9742
749 1197
7140 5470
4975 6481
8940 2958
8208 4705
1144 4525
2107 4773
4418 7321
6612 3492
1251 4276
1211 2642
6286 4323
5228 3958
2881 9124
87 2538
3045 8680
9712 8627
5679 5815
5916 287
415 5342
1160 9696
9921 9486
3593 7020
3516 16
1976 1094
1237 6342
887 2334
6589 2028
4626 3408
989 1753
8337 9476
932 3247
8695 41
4816 1281
3513 3447
139 9617
9988 8684
7875 229
1220 4600
38 1362
2453 8475
1300 1466
1476 7607
4381 6681
9304 5862
5498 7055
5313 4307
7256 8604
8762 4357
9529 4716
4071 4508
3983 3045
7611 3029
8600 190
6222 5576
4875 2677
5209 2279
3230 2590
2310 8968
2820 90
1044 4019
7472 5549
1452 7315
9082 9022
1220 9033
3433 5951
2749 2563
6576 1796
9695 3549
7232 3656
9391 38
6450 3473
9117 6755
2721 4479
6025 8028
1386 3551
3006 4451
7589 6955
5011 221
7204 4327
2222 8228
3787 2083
6420 4764
1229 9898
1860 7426
9358 6170
9713 1208
4841 9647
4584 5465
9105 3066
5023 8845
2951 500
6980 6898
9583 8731
5694 2329
6206 4102
3544 5993
6810 2871
663 2748
9976 6181
1049 7489
6986 1537
2111 1095
2561 4314
5445 110
4806 4656
1378 2434
4374 6754
8498 1326
8775 2936
5346 7557
8113 8246
3297 8388
8563 5375
7639 8577
3946 6619
701 2014
4834 4828
8788 6334
6220 2382
904 9070
6633 8354
1909 494
6628 9085
1094 6204
4539 8765
6806 8276
1716 3987
2903 2059
1737 8313
3268 9320
5741 371
9118 5621
5743 7051
6427 3100
1319 4744
5120 2630
5219 1153
4526 1039
8926 622
2947 4923
2307 4740
1322 207
8574 9928
4435 7698
4670 8752
2224 566
5798 2061
7390 9684
7553 459
7254 6772
4265 5289
9426 9329
4246 5235
5419 2946
9367 1604
9946 3429
1184 9367
5472 2701
4920 3731
346 7332
5127 9577
6017 7267
7549 602
6349 5730
5622 9688
269 4335
3927 5706
1374 6523
2139 9113
8931 3989
5787 9595
4674 4586
4907 5034
8447 6415
4742 6773
9487 5412
9349 8285
6327 867
6687 3267
2491 1112
1847 1890
3903 2814
4839 6323
7948 5153
8859 9962
6719 6681
3234 8214
1530 581
5899 53
2818 594
247 7264
5102 3898
2202 8990
2471 6958
8251 2062
1190 9144
4913 5348
3153 9299
2068 2961
5195 420
9404 4709
596 3110
2515 8880
3026 6701
3846 7685
520 6704
5283 517
792 64
2771 143
5790 9142
9304 361
5009 5465
4861 3899
3896 4644
1897 1522
8316 7011
6527 1153
9905 5804
2270 6841
1748 7417
9447 1101
2126 7197
2324 3002
9706 961
4272 9524
407 3567
1064 2867
3774 8201
311 1980
8574 2386
6281 2078
7252 8731
2839 8415
1627 9079
6024 3220
6744 3864
4572 2976
5283 339
3016 9869
3652 3294
5242 8179
8419 5140
147 4402
4403 8209
9904 7170
528 6149
4759 1869
2477 390
6425 707
2916 3703
6906 9572
7504 9136
3541 1827
4820 3734
5666 337
6479 3307
3195 4394
3729 1662
947 9235
4597 1756
5454 6278
7762 9241
3057 8668
5184 5059
2185 4759
2074 653
8613 4226
4615 5981
8862 483
2322 2489
3040 9822
7537 7340
9705 5290
2723 2690
8574 8836
5046 8721
6548 7300
2989 6403
3714 6020
7814 9408
92 4760
4292 6117
5337 7139
7852 3664
9853 8245
9653 1626
4139 547
7911 4991
211 723
7515 3250
6007 6753
533 2445
8452 9597
1645 7182
3045 8464
5479 7986
8016 8470
8247 3035
7592 9660
349 4394
7798 2720
3809 1228
6713 1841
1552 2507
1357 1239
6175 4540
9633 9443
3638 157
1219 8382
8957 4315
2348 7949
1268 2667
770 6218
56 3357
7751 2303
6622 2926
2919 2000
3721 6945
218 183
6539 7335
9646 7823
2252 8862
5736 857
1147 8637
6482 7825
8613 1648
1785 256
2506 1047
9422 7992
5298 3813
5702 7231
2940 5947
4811 7634
441 9413
2327 3233
8498 9313
6025 6525
8378 2361
5421 1845
3253 6681
9294 4933
6433 7575
6268 2362
9690 7506
5832 9974
3239 6371
8927 9969
5505 1681
8933 4689
8687 5253
6299 8441
1108 1642
6257 1495
2243 6932
6983 6742
1146 7641
7847 9548
4654 448
9907 9502
9642 1205
9423 7596
2196 2250
7516 7459
7734 4021
5240 4010
6433 8687
4875 7470
3738 7830
1396 8562
3739 5672
3574 5247
7228 991
1177 4611
1719 137
7925 3437
9903 1990
7198 3155
5656 4446
7837 1464
394 486
964 8828
6193 1089
2456 8801
2315 1664
5287 2486
8944 2429
6488 3834
8957 9849
2744 5311
3350 9172
8226 9719
2007 6821
3687 8280
2771 5289
1638 102
2810 1666
9492 8519
9586 3417
610 6516
5076 5316
1888 2346
9365 6596
8236 7179
1336 8835
5955 9761
9355 6700
1960 3309
3245 2791
4510 4982
8772 8376
3032 8079
1219 7651
3102 2577
2212 2309
3951 3371
2086 5096
7866 4871
8455 8667
8865 6651
360 9788
6637 9373
5784 2214
31 3843
7573 5635
6852 8044
9009 6844
1527 3737
3729 3249
115 6515
3078 335
6608 4963
2321 5918
6875 4815
4242 3204
7954 8682
2052 9074
873 1231
4322 8805
9527 3790
3378 8902
1076 8296
5361 644
7180 7954
8671 2317
9601 3663
256 1389
8855 9326
2984 604
8740 4853
5202 8196
8183 8842
3903 6859
941 4502
8 1211
8176 9663
4570 7704
7713 6319
7119 5729
1811 8676
1362 6928
9654 6788
6887 4601
3098 9863
6425 3423
1854 3659
8391 1388
8610 9984
2574 6362
8628 820
9182 8650
1183 2484
621 2143
3925 1607
67 3677
576 1396
3489 312
525 3480
1566 9357
5753 5509
6352 6845
2962 1868
90 3320
3047 3084
5473 1708
4162 7998
6749 7653
8893 6253
3177 8481
9856 4850
2499 3581
666 6594
4243 9630
497 7042
7306 1444
6728 5477
164 3701
6779 171
3926 7159
7260 961
8311 8335
1385 6828
2849 9344
6873 362
5792 6643
6572 9493
5424 6022
8289 4977
1209 4402
5052 6688
4634 7648
4587 9110
7819 827
9775 146
8246 5411
5468 2995
5479 2401
7848 565
4551 9997
3839 8792
2318 2982
1636 7156
3677 1510
8713 4583
4361 3263
7785 9467
909 8148
2163 9276
6423 1676
4509 636
5799 752
132 3276
8598 591
2004 8522
5113 9419
3158 7427
9902 8268
206 5691
1998 7576
162 2506
1599 2560
9438 2058
529 9342
6846 5246
8769 2848
9856 5107
4141 4927
6746 805
1735 2779
421 5414
2151 9941
7382 8862
5906 3620
8568 1391
9816 2862
7581 1036
6104 8298
1822 239
2517 3996
1053 6162
7927 441
2034 1412
8713 7982
9738 9126
9769 6017
5040 5174
2109 6783
8588 5467
2408 5501
2097 8789
7470 4603
2097 4824
6666 7692
5942 3186
1918 5719
5889 7710
960 9177
7830 2890
6196 7732
1598 4224
7948 5726
4923 2042
1032 8922
2406 4540
2255 9349
8286 8149
2864 1302
6601 6516
352 9567
2742 1386
8650 9280
1542 6006
2411 293
3086 5039
8168 1577
6434 6656
8720 7490
5328 2435
5185 8091
2357 4923
8366 5697
7444 664
138 9117
988 3572
81 2763
4507 6209
8936 2608
5296 8638
7534 4665
5530 3161
9498 5850
9951 6335
9465 6465
4460 2788
7942 4118
9022 6370
4234 1865
8910 3318
8150 2953
9894 7196
3280 6650
1381 1925
2573 3943
6895 3816
4765 7944
6133 2070
4439 762
5562 9434
2615 9290
4826 9374
9672 4196
9954 6789
948 3001
1964 9150
9006 52
7817 9503
724 3883
7412 5254
1594 8835
5438 8321
9861 7573
6849 1228
8207 7662
2102 379
1453 3304
5623 1077
3349 5835
6758 8599
1433 1214
2506 9072
6931 3605
3734 1559
6658 4209
8312 8565
7780 5791
9280 1671
8066 3316
5553 3728
4540 3525
9481 1972
7221 2447
318 8119
5867 8414
5505 5725
4672 1694
6842 79
1687 3144
3076 1962
2290 5049
1932 4305
1023 8556
8395 6491
819 2444
5233 7129
887 4486
9180 6365
1656 2796
1244 5564
8955 4934
3800 1663
9228 2149
9247 149
7743 737
1903 4422
8060 3842
5054 4046
7435 4941
379 8893
4604 5977
6740 4276
9514 7534
1385 5388
7128 7635
4721 4602
5536 298
1853 7277
2712 9435
6470 6145
6012 508
6163 3455
8139 1266
3529 7286
9140 4695
9980 8240
973 430
1135 3029
4039 8036
9930 4509
778 9161
8284 5656
8824 4487
4533 6531
3558 5391
6635 2043
8546 2200
8235 599
2315 469
8220 8861
1806 8761
8982 8652
9334 4642
6538 8821
5589 2701
9546 2916
3439 9037
6965 2912
9761 4647
3495 8592
5953 2895
7712 5286
2551 1257
4345 5746
7240 9143
7517 6847
9977 3078
4989 6216
1895 4981
3943 8646
8661 2607
5383 6074
5998 5485
8184 2471
910 8530
3383 8714
6445 1880
2947 8934
9285 1273
6738 6669
5719 318
491 6745
5601 7671
3195 9899
9291 3761
2359 6169
253 269
925 2715
4689 8492
4212 4445
1653 3609
9015 7534
6127 185
7671 7185
7203 636
8289 4037
4129 7340
2951 8553
8506 1072
9264 4312
7687 5337
9332 1943
8634 4327
2911 1865
6817 2942
9039 9772
5926 5797
204 420
8051 3937
9038 6541
7687 7673
9949 4575
2413 9330
1349 3954
7213 564
5255 7264
2679 3384
5504 7485
620 5031
9657 1979
9891 7226
6103 8684
2643 4628
7938 5958
661 6960
5928 2932
766 7636
3430 6227
4105 9356
8124 3565
4184 8302
6698 3935
9918 1273
5372 3706
7943 5185
4780 9964
8283 4752
1611 2366
7718 2319
801 6890
192 4242
4102 2111
6783 3559
1611 9986
8136 9752
7835 4939
6070 4027
3801 4057
4090 982
7591 9607
7861 703
7153 2183
1723 5308
1188 2386
4934 5130
8435 2522
3675 7904
3906 868
3662 3016
1281 1128
4168 1055
8007 5169
4966 202
3237 2636
7278 7561
6545 3291
5805 4518
3168 3513
8260 2282
7281 7119
6054 1060
6850 2698
8833 727
8045 539
1560 2865
3043 9525
6875 333
9854 5678
4449 7496
1060 3634
7160 2005
1963 364
4819 1446
3639 7214
6591 1190
1843 2647
9709 7976
6968 463
8313 9698
9037 8552
3974 6410
1467 7969
5942 7576
917 5893
2704 1512
2929 3011
7802 418
1537 6145
7796 7355
5905 1663
1189 8490
931 4306
9688 6682
9503 9214
1795 5048
4022 2582
1145 6436
487 3720
6542 4044
7150 6132
4212 6827
7040 3056
1272 7295
8570 8421
5254 659
9546 6276
1705 3540
7776 808
4968 9327
5772 7980
1984 1624
848 9698
6694 7916
2605 3035
5746 9108
7931 8395
5516 9330
2250 1624
7198 7948
1392 6291
7235 3349
2674 6483
2656 8712
4787 933
9110 481
4246 5839
4878 2482
7835 8260
3113 3034
8418 8472
7715 8659
4889 6070
2355 8560
8596 1541
6377 5186
3139 6435
853 548
2691 5453
2605 5306
4066 5096
2598 5096
8947 5271
4448 2390
2757 2942
5157 776
6272 3021
86 5449
6744 3710
7598 7124
2153 2966
5040 5904
2419 4701
7291 8250
7239 6445
9562 6140
8003 8034
2594 8170
592 3988
6947 1902
2886 8211
3551 438
4828 6685
5850 8355
426 1085
1519 9082
466 8736
2624 402
9514 7048
432 5032
9002 4924
4589 3725
8530 9234
3492 723
7979 8434
793 3628
4743 6806
298 6475
821 4583
2301 6465
1158 4999
4838 5847
1431 7844
4444 6483
7489 8381
7515 6438
7155 4745
7793 9134
1688 5311
4941 2335
5373 9220
6920 7599
3082 6150
4224 3352
8282 1151
3182 6577
9193 3287
729 4293
5882 3935
9571 400
6283 7164
8042 7230
6995 3288
4168 624
4164 8718
2189 268
7371 4640
1933 7229
6976 1212
8493 4806
8021 1326
3825 4090
8958 4982
3722 1541
7015 5415
5739 6130
1162 4592
9091 3911
3550 3521
8303 6464
4160 5557
4995 5029
5 5060
6000 1268
4621 4080
8311 4611
68 1733
7957 5154
3936 2216
6347 6183
7668 8383
5346 8117
3387 7734
7785 8019
8823 8273
6079 5316
9452 612
4909 5902
1674 7789
5343 5795
5202 9909
4594 4551
2954 4495
4850 4389
8146 3378
2852 4478
1964 9046
4078 4740
2947 1278
2151 2001
3806 4238
7549 21
8596 5072
9113 6585
8425 9388
6628 8000
1042 7321
772 7188
5456 7865
4772 7120
5233 2184
5724 9312
6805 9593
1517 8742
4797 4749
4215 349
6970 7688
6892 3741
3385 4074
6524 1988
5324 7635
3025 2794
2204 578
2337 8380
6468 4226
2624 6569
6883 6439
7182 7234
9505 1406
1376 9389
4225 1162
8675 1843
936 6098
2128 1350
3325 1603
3473 1262
5689 844
8176 1155
3517 3925
8557 6210
6690 8637
6786 8201
7629 8773
2458 7574
4895 9916
1708 5795
3087 42
320 9160
3399 1569
9684 1416
5893 8463
2814 3799
7346 8890
4901 9409
5864 2658
5879 8101
6013 8654
1293 7158
5743 8743
6335 7904
1780 21
5493 5279
5141 7751
4279 2626
9539 9616
8352 9110
6638 4245
5465 7705
1474 8554
5232 9312
4971 2941
5817 124
3932 7865
1285 2647
8633 7867
3836 439
6587 9225
5330 5768
8515 5199
2920 632
114 3062
8951 1749
1853 7099
5955 4093
5465 3705
1782 4645
7809 2083
8627 1668
7833 8963
2962 8738
7664 9279
2714 11
8881 882
8721 1251
9359 4332
1948 5085
7938 3976
5894 5818
1473 5188
5532 9984
4410 1882
2032 3798
2805 4288
7614 4182
5425 9049
778 4704
8739 3805
9915 2634
2248 7257
5884 1089
9036 212
9864 9855
2325 131
1724 9735
7765 4343
5191 2342
529 7666
4363 4187
9647 5937
8013 9283
8167 6889
4064 2017
3218 8606
7249 3370
6717 6561
7419 4019
6111 4937
2473 1818
8730 2596
4190 4785
1695 2924
2664 4934
2881 702
9391 6007
7408 3145
8013 2191
7834 3229
8660 6232
9131 3823
9701 7389
7572 3890
1429 6479
6801 3642
5220 7422
8404 2293
5538 9523
8871 9811
788 8779
3655 6408
5333 9049
5192 5432
5485 4745
5609 9053
6061 3733
5157 9021
360 7229
5974 7893
3990 9736
1839 7873
2240 8711
8857 7548
4066 4174
4765 4335
4026 1307
1844 8731
4574 670
5583 9614
6918 7171
7939 7484
1389 865
1699 9367
1410 1807
4185 8875
7892 4104
4135 1691
8844 142
3902 1657
3951 2032
3909 9659
650 8282
2051 8144
4421 6020
7477 377
6856 3189
8975 5971
6496 9197
2263 4205
5667 4528
5078 4437
8836 588
5623 4729
2993 7531
7105 8443
2218 6314
5541 5885
7908 133
1992 7490
9466 4325
4058 5915
4396 6201
4982 5452
1448 6903
4684 7828
4578 3881
753 625
2224 4362
5640 1613
2306 4626
3972 625
1391 9875
3349 6677
7873 7318
3446 7215
8070 735
3159 7714
60 7874
1857 9411
2672 5073
1239 5062
3878 9622
8894 4824
6518 2451
2675 2361
4858 4201
8601 7750
4351 8595
7644 4006
5908 1939
2746 8870
8539 3118
4363 6511
8255 6874
5449 5949
8526 7186
8237 8471
1696 9368
9451 9969
8463 2426
7819 5890
1460 2860
8711 8544
5335 6406
5302 152
3253 9939
3529 8920
9354 227
2548 9365
8245 4541
1935 7101
8771 268
7079 3803
6840 720
2218 6464
689 5012
5415 7893
9594 4377
854 8161
664 1830
3692 5146
4339 4136
3020 4501
3652 4430
1581 6315
4211 2912
8785 1987
5685 6122
2455 1723
2956 8559
6415 6754
8339 6697
1247 88
7157 2902
9436 6621
9522 6679
5570 6668
3229 2978
1176 5988
8408 1403
5244 4399
862 2813
7060 3649
3359 801
8360 4334
105 4739
8083 2696
899 410
5166 9842
8348 7973
6118 1627
8996 2094
2352 3859
7812 486
7421 4608
1220 1816
3231 3852
3232 2129
1970 2071
8314 2812
4714 2620
1790 3072
413 7399
6062 4607
2104 7217
8214 8866
4195 5822
2618 6596
321 1285
1779 5876
9062 2633
9358 682
2480 3161
2358 4262
793 7884
8174 7797
4850 8982
6624 1879
9238 7656
9434 2296
2403 6253
5942 1037
6761 1358
9627 1352
1090 5101
3400 1679
7838 9926
8198 8117
9498 2696
5996 8745
3899 7726
5842 6422
1560 7602
6891 4777
3457 8765
8813 3947
4608 4029
4365 2584
2472 4323
7312 3717
1145 7589
1981 7118
5153 9204
2521 5145
6715 6618
4344 8472
6745 5831
7230 6704
7120 3543
8581 5994
1001 9026
4693 2554
2316 4472
5136 8457
379 9607
2711 9006
6723 2494
1982 8379
3993 4125
6510 4492
6149 108
9813 1882
4160 5346
4210 9224
4821 5454
6122 8100
9588 4027
5492 2556
5963 3453
1597 5263
3692 9255
3112 4600
436 4726
7938 7443
1110 358
8821 6285
3555 392
4759 6792
2956 1647
5404 8643
9608 10
7412 8953
6018 868
3913 1799
6728 5763
3612 2993
4227 9573
7429 5040
6204 88
2155 2607
6853 4479
2912 6404
7894 9866
5558 7015
4797 9513
9762 1166
9022 7034
9943 1524
1836 6600
5692 9039
5446 1510
4400 643
8427 7822
3755 6887
5027 1623
2110 6032
3225 62
4416 2641
3833 9086
7319 3279
3560 7314
4206 547
1545 8879
6715 5748
1497 6767
6797 8041
2773 2693
3209 3985
2434 746
6866 913
2945 9840
4570 1465
9923 3970
8650 1718
4898 6088
1135 6525
7679 4313
6939 9925
5801 685
9845 9337
9999 6073
1519 1516
1565 5295
6295 2587
6219 3943
7279 3946
5130 8191
5742 1559
7066 9901
7400 7401
5380 4800
5524 2446
3526 875
6016 5813
9498 8453
3969 3440
6084 2883
8692 8377
269 4295
657 6243
844 726
9269 6186
4943 2905
812 2133
5892 5578
6490 253
979 9560
9440 4420
488 372
6975 6800
3070 4805
1777 9539
2882 9264
9685 901
4668 4914
6184 9261
6593 4530
3329 8600
828 9728
9495 7532
7598 9946
8429 8108
4670 9424
9351 2103
4316 8098
6905 6670
3831 5989
229 6984
2400 9016
7269 7722
9935 1696
8760 4790
467 3826
6679 6054
7146 867
9752 9093
3036 937
396 9847
9179 2442
7348 5439
7815 6774
881 2393
3525 4637
7399 3512
1734 5637
2539 9133
9774 4383
4066 9358
2708 5143
2941 4222
4452 8957
4772 6341
7918 4994
5130 7337
6355 7165
7395 4856
1836 779
5171 3710
8289 3400
2520 5620
9509 2524
9618 3031
1683 207
7246 4916
7143 6001
3718 465
3620 954
7732 7629
8168 7913
9396 342
6372 126
9116 3396
3127 8709
7467 7875
526 3257
2545 6366
3326 1038
8672 4464
262 8450
4168 3484
6475 4745
4463 7698
3488 307
1525 6347
5463 3209
6351 2711
1828 3949
7965 7473
412 345
1605 7402
5023 5588
3342 3626
348 1067
4263 6898
7127 6754
7379 6150
8722 8923
8804 2383
7235 5956
550 404
275 9731
1707 191
9536 3698
9815 5097
3282 9699
5742 7155
7713 8939
6581 3338
8718 1147
1519 1966
3178 3412
3410 4169
7453 4366
9701 6578
4398 7050
6230 7550
9635 607
602 2213
8971 8628
7661 3949
3588 3509
1594 4602
777 1476
5806 3803
8502 4311
1226 6250
3345 9185
3484 7980
6785 2004
5184 8299
3179 1213
6606 9197
8401 540
2063 1718
5861 6640
4950 2252
1843 4766
7225 4637
6375 8933
178 7962
5783 7147
1567 7828
2967 6312
8070 3565
5426 4381
4227 2974
3093 2798
9783 3510
6827 2942
8950 6674
4742 3489
7232 5115
359 217
7444 6091
5608 1543
5737 9601
3582 9364
8076 5760
2761 6920
4160 7503
2121 9872
6198 5626
3057 1972
8209 5815
829 7876
6186 9132
8934 5656
2916 1831
4731 5633
5884 6945
747 3818
9131 5384
249 5161
6466 1891
2782 908
2658 639
8751 3028
5425 5727
4825 2082
424 630
8821 5141
8002 8179
8752 6915
3268 4069
4235 5227
6477 2889
2946 7542
1958 1664
3297 4110
4165 4765
7229 2756
5774 3791
591 9301
6766 4175
1069 433
819 6954
290 3675
8156 3176
3948 457
4868 2471
7992 6931
1672 1734
9834 2697
6455 1956
7451 8955
3080 3803
5979 6077
8083 5820
8661 5578
6027 4384
1098 9615
5678 6933
298 7273
2987 1427
3167 3503
2744 2099
1500 9670
6037 936
1626 1756
3180 3305
3889 4889
4842 2350
2082 5022
7424 827
1294 3111
7876 3866
4143 1208
5785 7230
9981 6776
2745 186
6303 7810
880 5774
7721 3857
239 3505
7652 8294
5016 7480
6743 8187
518 4030
3843 7418
9213 2174
3993 3700
5421 3081
1484 8209
165 2695
7054 6850
9768 2605
4694 470
3669 8749
4009 6543
5127 6030
8197 7204
2952 4990
3504 5820
3740 8631
5666 2035
3754 8360
5090 8489
2043 8076
144 9128
5725 5011
9572 4650
4427 49
8756 4221
8841 7786
8608 9514
6754 8512
8987 9416
9593 6150
564 6674
8906 9867
4764 9593
7842 1759
8978 6885
3006 6847
1588 4646
5677 8499
7830 3406
9046 6949
5639 5200
4103 6190
4881 8067
4138 2814
1894 4969
1456 3970
6487 6460
942 1890
1292 4236
4827 248
7729 3566
8704 3659
589 3103
1858 7012
5040 9040
6000 5973
9329 3231
778 2010
9931 4549
3368 6136
1404 4018
9845 2591
4495 6931
6865 8661
7098 7541
9406 9638
3606 4387
8168 8857
9843 6150
7537 7494
6840 222
315 5227
2907 9038
8277 8246
1137 4899
850 5120
424 3071
6506 5280
4943 4485
5051 8990
5971 7880
9788 6047
5439 348
8616 6421
9922 8836
2914 9934
7972 122
5724 4410
583 998
920 9898
3692 3100
7444 8845
4055 9220
8267 9551
1686 4752
2429 7619
1764 9612
3486 7516
6661 8062
4302 4058
4982 2546
1981 9704
7439 9298
6166 8171
1203 6804
6750 1431
3098 9331
3852 1402
310 1191
8045 5148
4942 6896
9945 9654
702 6789
4135 3442
8753 5261
9858 8926
6337 1281
8670 8007
6499 3173
1293 5205
6739 599
2976 2997
8542 9955
2919 5474
1959 8721
1134 7998
7426 1943
2231 4409
8503 8712
7811 4141
3325 1504
9824 9417
8684 7135
2623 4765
301 7298
7541 2031
9820 4355
2501 1661
7184 1145
9978 4602
7450 384
3402 7531
2993 6844
2865 3765
7158 1510
3068 5316
7943 5579
798 3136
7311 1194
605 9538
5538 106
8304 62
4934 5195
1046 2632
3635 8674
9935 4258
6608 9642
2374 1838
7955 2184
6451 5121
8249 3416
4413 2690
9681 7132
5441 9638
3473 5916
7712 4488
1982 6578
2752 3071
9597 1540
9400 2810
2683 3993
6854 5359
4023 9506
509 8457
9796 7452
1360 4696
1473 2340
1433 7468
3660 1421
7305 3518
5265 1613
9429 4238
9373 9037
3081 2983
9888 7190
6727 8779
3858 4031
6253 3260
1614 7605
42 9310
3061 99
3440 2489
8349 3241
5869 8266
4714 5081
8676 3816
5596 489
5648 6101
678 3781
1677 8105
7641 7649
9787 2081
1729 7925
1328 7543
7494 6304
9057 1686
8325 499
350 9233
4187 9663
4786 6567
1167 790
4466 2264
9711 3947
6720 4447
8672 7403
9468 467
8947 8170
9270 751
813 3122
4076 2911
81 7571
6776 8352
7367 4426
2529 1539
8180 1073
7875 8781
1469 5171
4215 9187
3873 4136
3210 7359
9364 5506
8373 1677
6150 3164
2812 3492
8681 8987
5981 1813
9303 9025
6465 8716
131 3467
8926 1489
5153 5140
849 7109
1434 8191
4081 9616
2006 3227
3333 1289
8025 2935
3237 1733
468 332
548 121
9296 7218
702 3954
8478 7181
6049 3150
7003 9124
6494 9295
930 7084
3285 7734
6537 3391
6396 4332
1063 8108
7357 7874
4142 7026
5578 1504
488 2364
1232 3301
6518 7113
4987 355
1883 9313
3278 2847
3015 6501
7544 2948
4831 823
9699 643
3732 336
5708 4447
1863 8518
459 1777
8683 5698
5956 6071
9288 7468
7116 5095
139 3895
6519 99
4397 513
6716 9331
8594 7081
9492 1861
9255 2947
3098 3219
9194 138
4286 9768
835 5260
4820 1419
2971 4632
363 8324
4826 6470
4380 5476
4094 638
7311 3888
6600 6626
6823 5171
50 4635
7677 885
410 7532
4274 6366
9539 9778
4583 648
515 4751
9000 375
427 5677
9030 2544
4386 9145
2595 1023
3578 1446
8262 9309
7809 5296
3302 8066
1623 1841
4070 5740
2989 4615
906 7292
8884 8982
9111 6271
6677 8751
8883 2284
4431 1951
400 4365
353 7708
7654 6360
7851 2949
8516 4198
8873 3345
1345 5498
3841 3233
4202 5242
1602 5834
1709 2719
73 4877
9112 4681
8268 6203
3167 2208
9353 7862
3783 3767
7426 6989
1543 4301
3286 3048
3179 4353
3603 5389
7308 9080
5784 9467
5552 9290
9700 1467
1459 4337
8100 4974
9454 524
5275 4315
1343 7852
4409 3378
2965 306
1736 9744
9425 8536
2649 3714
5932 2328
9411 315
1708 4461
9152 5975
500 7499
3271 6275
6383 2680
5123 3494
6051 3781
7513 3011
1487 9038
1421 9810
2681 9574
9110 907
823 7756
8871 8111
8203 6520
5991 3854
249 6259
6175 4221
9617 7877
6676 7923
7166 7414
3672 4997
3928 6253
3130 8772
8635 9325
8350 2376
7656 3317
4582 5276
2153 4
1527 143
7460 7114
4521 2296
8885 8772
7682 9149
4329 350
1661 5049
5440 9076
1473 1638
2078 3913
3327 3805
2845 194
9604 2945
818 9843
4029 367
2381 7604
7870 3129
5822 3320
4143 977
6517 5152
2657 3729
6437 6160
1954 8391
227 9806
5203 7458
3404 1777
3672 1420
8624 5922
7397 5735
5596 4045
3182 1687
4775 7982
63 7266
7005 6309
4258 2275
3891 8006
994 1294
8889 6413
6070 7818
2093 1107
6843 488
4998 1267
269 7393
4107 7301
4573 5912
1896 7001
8690 9802
4236 4379
8586 8522
5302 7308
1321 1472
2087 5665
7433 5333
2748 7704
8563 1500
1046 5649
6042 2258
9261 856
6212 5358
9999 3423
8044 7040
1595 8146
1467 7305
7696 5636
4267 936
1109 3242
9281 5923
5681 826
8262 458
1718 6556
7078 6582
2705 3532
4632 783
9098 3354
544 2159
916 2728
6049 393
3657 6009
7244 5268
5237 9064
439 3305
8398 6814
3660 9424
8979 2543
7218 9545
444 1334
7188 7821
9830 5434
1096 1655
6838 6092
8298 369
8726 4613
5734 6139
7747 5909
7321 4954
1288 7007
1774 6830
6107 8507
2900 5040
1326 3883
6109 4103
6690 2336
7131 3027
2008 7904
8132 762
4841 8838
4365 5982
622 8017
9785 5937
7375 8647
6321 8495
3969 154
215 6453
5177 301
6091 1637
1594 1799
7554 4066
903 9289
752 6926
8782 5788
1349 9476
5564 6546
1355 8846
1593 5405
5670 9198
7343 8179
5452 8963
3864 5520
2922 1627
6449 2470
8032 2600
871 1327
9760 3851
1847 7985
1586 5981
9875 381
7801 4400
6251 2132
5912 1155
2396 6961
5702 8552
1053 7554
6518 5552
4369 4246
1607 8209
2182 305
6838 5003
4718 7034
8467 9524
3572 8405
1903 8927
4926 9274
9205 511
9166 9397
3852 6748
1550 5987
5850 1072
6139 7035
6745 2129
6020 2116
5086 6089
2600 7904
2225 4737
9216 416
7757 9159
2349 4314
8239 3027
3934 3941
6111 4652
5874 627
5069 2579
6511 1832
3182 9977
7521 6256
2799 1940
8643 919
7027 6959
8374 8863
6192 7458
3005 8533
2625 8432
5748 9389
4616 7378
8447 8727
6530 4171
7916 3800
8165 312
1243 3197
9661 1945
9596 9148
8237 5297
7651 967
2790 6180
1469 4124
3153 5130
7115 1598
6050 7514
8598 1449
1737 4443
8878 1972
5642 7477
925 3978
2223 506
8681 1252
2340 201
8905 9478
1636 489
7306 9859
8183 5530
357 3456
5134 3932
3008 2441
1017 9538
7536 4785
1799 4208
5348 9666
6819 2777
4163 4852
1539 2014
9795 1705
6828 6121
6413 7865
4765 4262
2380 8795
6446 1131
1441 2672
2106 7807
126 329
9758 8268
5449 9561
6389 5406
3908 3753
2229 391
8230 8738
5631 4742
5230 478
6589 9073
4644 4671
3937 985
6324 3647
9998 9139
5042 6573
2534 5306
7777 3722
6472 4663
7972 641
4103 1542
8931 1632
1764 4899
6232 8910
4132 90
2263 1523
3723 5531
2522 734
8928 1683
2857 7549
7357 109
5276 89
6193 4989
5003 5884
4506 9238
7493 3253
3291 9172
2129 2656
4601 2517
4214 7775
1259 113
5792 307
4872 3013
8757 9041
8408 112
9679 1279
3445 9
2646 1755
1321 7842
7898 7841
3274 2873
9135 1881
3714 177
2809 6516
6030 1447
679 4054
2354 2032
4027 5945
5172 9557
7325 1786
7247 5947
2079 1623
2048 7722
2479 8699
7493 7550
2062 4364
5693 9997
473 1786
2168 8520
6286 1209
8133 8076
6494 5656
1919 8166
1844 748
6911 9662
929 9727
8144 2943
4464 7545
2400 5315
7811 2662
9103 7713
5772 5485
9491 2185
3427 7002
3629 249
8639 8254
9280 6554
1877 2665
7372 731
1627 3388
1358 2851
3426 2530
4015 9585
5306 8910
9351 6404
8365 3372
9834 9139
4725 7160
7377 4262
8715 4495
4307 5930
4109 2075
8205 7463
4545 4523
9527 4368
4953 7040
2825 3445
6721 6607
4747 1079
6094 1919
358 7311
1260 7829
5824 6352
2955 5495
6616 7697
6014 4334
6962 3127
5648 6870
7342 6390
3834 5101
8369 9084
2101 2170
5670 1687
7683 9574
6678 352
8743 5109
2095 4703
2001 2499
1256 426
9615 9573
487 5996
1588 5134
515 2041
4369 4323
771 7209
4568 7119
2446 5972
4640 5739
4142 9992
1039 9379
3139 4915
5593 5635
3850 5493
631 5495
3786 4402
4616 5345
2778 6874
6706 3021
9370 6374
1811 4951
1300 7068
7470 304
356 294
2515 1118
4929 1904
9821 5759
3666 9962
8222 3090
9075 9886
7354 8097
8381 8207
5946 792
5986 8905
7122 9828
7963 9584
2426 3402
5473 5207
8635 2457
444 4019
3852 3466
4079 3505
1781 7914
512 2101
7686 8826
6316 6635
9072 2787
7186 373
3005 8936
2859 2718
4503 6931
7151 9005
6760 1406
990 266
1624 4444
9202 9595
7032 1517
4269 8961
3853 1615
5359 6912
5963 8621
7622 100
5091 8287
4398 8871
7173 6393
1806 5480
6311 5700
9611 5592
589 2364
3134 1580
8141 2671
8949 8098
4087 8900
2659 2775
2149 733
4331 3037
2637 8512
1010 8602
8754 847
7421 1007
6779 3466
6717 6364
5859 6717
6484 2314
1582 2593
8409 8061
7517 1168
6394 7500
7228 8784
9075 6326
8534 7763
7998 2045
5675 6966
7897 5733
8073 1187
913 617
8236 3589
3851 4608
9368 306
2727 3439
6238 290
9635 400
6038 8578
6103 5671
3056 5447
9728 8466
4918 6485
8211 1817
8164 6210
2310 9210
9837 5544
2885 269
3966 2501
3635 9329
1668 2381
8388 660
2270 4531
9232 2724
7279 5538
3467 7575
6297 3319
6650 7903
5462 9310
8076 9524
9250 4587
6871 2190
2220 9151
9289 829
2655 5366
5694 7883
2048 4646
8121 3137
2759 1507
6041 2232
3194 3324
8990 1581
6626 5105
7763 445
6236 1566
1597 2498
4435 8328
9427 2725
3091 6013
8773 2217
3568 8301
5331 524
9034 9791
7117 189
666 3948
2090 6530
6655 7640
3135 1837
6853 709
5113 2097
8912 2502
4781 7220
7956 7781
1316 4357
7051 5425
7566 8015
4617 8116
1131 140
849 6005
1657 6279
5373 5355
2928 1449
4093 714
7871 3639
258 2004
3331 7876
9209 5050
4957 4625
3227 532
8019 1603
478 5437
6530 5959
1355 4497
3530 4261
2132 2263
7821 1256
7862 2773
7170 172
3160 3156
7327 9996
2584 2781
9111 3258
5002 8957
321 838
548 8105
1375 6845
4859 4093
5315 5894
5102 2979
9333 7337
8077 1402
8662 7103
6341 7202
9051 1719
3146 7422
6477 3743
2586 2297
7802 8851
7353 3580
1894 974
2610 4168
3097 789
5155 9821
6588 1928
3013 3773
4411 7647
6080 5672
9819 4665
6530 2904
7169 2698
4083 6633
1009 7762
5889 1260
7098 3925
857 9458
9615 7340
6881 500
7004 1050
2480 6470
1709 2825
1320 6356
7917 5679
5176 8901
7241 6318
5916 7604
4422 3812
2449 5922
3278 4103
1332 7808
5124 1255
1928 7421
8277 2404
8127 9097
1298 8283
5603 9589
5654 9181
4741 9787
1234 4123
9125 3697
9677 6272
9167 1200
4581 8892
695 3940
8982 7343
704 980
86 5234
7868 4845
8201 8176
3478 4021
9998 2510
6323 3030
304 3353
1049 3886
2660 6172
585 2345
4102 8722
4598 5617
2154 439
435 9757
7128 8824
9815 2997
4639 3157
9302 7395
2778 9823
2755 3991
4720 1359
5775 5042
9768 371
7977 4817
961 8240
6700 7356
3369 106
2599 7369
1670 3081
5371 9302
8163 2666
6554 1241
1374 7767
3764 5622
9416 7728
2248 6824
9874 8719
6245 6139
8122 5205
7614 1090
7915 2443
3695 7076
6576 4768
1891 5070
6116 772
6901 7247
9146 916
8101 7871
3894 3637
9312 5582
778 6458
9791 8823
8124 964
9079 9024
2932 1992
5921 1947
7954 5670
6813 7887
6329 3623
2452 2254
5566 3399
5378 5551
8351 1648
8560 4044
1215 5936
6076 6670
7496 3397
8129 8435
7715 2438
4468 3427
7383 5426
2521 2286
4779 5884
3349 962
8976 2755
1911 3420
8458 7784
2243 8732
8011 2210
7101 8048
878 8410
1051 3904
2166 8095
2411 7886
4932 5265
5485 4683
3542 849
7114 2194
616 9442
4835 98
182 2646
6994 1923
9280 911
4771 4698
3719 2023
6383 1739
5474 5084
5744 4345
5113 7567
5639 5701
7162 9990
2856 8237
5564 1482
1228 1951
8129 1130
6087 4546
5074 7226
6144 3981
9532 8904
6112 6149
4220 8185
1061 9536
9483 8289
8308 6294
8037 8230
6626 3413
9588 5463
9155 6932
8377 7206
8743 3049
1265 6286
4773 5695
3602 8713
2458 34
7575 915
771 4427
3224 6708
1106 8845
4740 6209
7596 8763
5435 1213
1260 8460
8583 4895
3368 2972
5447 7109
3361 4482
3726 7133
9206 9171
9772 9632
5836 2492
6871 9503
6009 5529
1561 8562
921 7748
3903 8021
47 9331
98 5217
8460 9188
9049 8650
7662 153
2289 7116
6072 121
932 8891
624 1234
6113 2382
7291 4788
9283 1160
6468 1321
4090 6118
3976 7460
9842 9082
4316 7290
963 8844
3866 2194
5588 642
4441 4433
383 5995
80 2996
8118 8014
8794 2494
527 3893
9686 4057
1401 6351
1826 9831
160 4768
1713 8653
1770 32
8629 7727
7544 1618
3028 6447
6673 5884
1503 651
4999 6372
6418 2335
12 7659
6561 5386
4485 2473
5313 9050
8 5507
5819 6149
1106 2818
9365 2557
2630 3403
6442 7250
1936 5858
8622 6274
9906 6555
6299 8756
7740 2169
5385 8843
6908 3034
4793 3870
300 1001
227 1325
9443 4148
925 3532
3056 290
6989 81
418 2664
7668 8326
4206 9398
7289 1533
3446 2408
6960 5433
8168 46
1880 5717
1406 8748
3762 7212
3686 7347
6574 3360
9823 6791
4505 8053
8711 7124
9798 3446
9722 4696
6477 1842
3122 3505
7486 2314
9405 4108
1112 7760
6674 9652
1976 9143
4087 3816
1764 5106
5945 6329
5156 1673
4534 6086
4732 3368
1197 4579
8794 6378
4824 2821
4319 5517
6161 3794
5062 9210
275 9184
5550 1467
1559 4807
344 2297
7658 4029
8796 8264
3186 7489
5492 5118
7538 720
2901 5087
1171 5231
8017 5235
3176 6952
5443 7305
8281 4507
7283 7195
1920 56
836 4844
2136 2263
5159 383
3944 9133
5232 3884
5840 4994
9646 1702
6242 1271
2281 803
8195 1843
8667 4048
3660 9218
2623 7423
2578 1051
4880 2510
9697 8158
2270 3647
783 9402
4377 8129
3348 6714
2418 328
8055 3777
1393 8043
9163 5139
918 8887
6605 1399
2766 5779
3437 2442
4502 4116
3187 3732
7183 6694
8229 348
9074 9505
8602 5660
8383 541
8051 1639
7618 7700
396 7199
5868 1307
164 8865
4590 8761
5497 871
128 256
5904 9180
1704 3822
6928 1812
2697 1148
5416 7063
9779 9067
699 6750
7299 7326
3939 4326
9554 8581
7637 4405
1951 9830
2232 300
3623 2474
6892 5963
4237 5270
2033 5742
8094 8700
1398 6832
4511 261
9906 9320
7962 5322
8292 6432
7112 5055
9604 5609
3346 1058
3804 150
8688 8074
5445 7056
6646 1841
5117 4480
8266 7093
7571 919
1385 241
8646 5484
1607 4805
1488 5619
6506 7966
8183 8910
9244 3296
5085 7062
6828 7937
4866 1916
4887 3984
9899 4301
3417 919
3399 8326
8558 202
3386 5189
833 4653
1625 8826
8162 3788
4326 513
9605 9138
6366 962
7293 1189
6349 9184
1910 1246
9370 6873
21 9873
510 7763
240 7365
1174 7506
4159 7554
7179 9421
7843 1914
9239 2155
7481 7420
6380 9701
6966 6625
8548 5792
5623 710
6590 5357
3891 315
2137 949
6423 6527
8993 2370
9192 2731
9555 4875
9026 1450
3476 4378
9810 6361
6338 4911
7244 9649
6614 7237
9402 5564
2706 4638
6259 5960
1235 9597
7526 7946
3707 1758
8283 847
8261 8597
8619 6372
54 2638
5449 8861
8504 972
2225 888
8427 605
6947 8257
2146 953
7690 8785
6046 5848
7160 9437
7191 9171
6865 6995
6164 4994
759 2091
1488 572
8622 7245
9777 42
6812 3556
8807 792
5691 5463
9779 7604
4529 7646
2667 1914
8838 3580
411 3097
675 8686
108 1375
5118 3554
4222 1353
6480 504
1954 6602
2061 4713
3141 2237
9908 8293
6040 6089
5759 6162
2008 6983
7207 1139
8246 439
6640 4879
9277 4492
9217 276
6201 7483
1584 8790
895 849
4296 9003
9457 3667
6388 1778
5281 6197
4040 2554
7543 8544
6147 1121
8693 389
5119 1737
8452 5771
8087 2029
8795 9662
9592 9776
5215 3238
1058 1871
9419 9845
5255 5061
4870 3764
4505 9965
2774 2799
4591 4672
1764 9101
4122 4868
2082 9486
8488 8521
75 1219
9508 1853
3558 9723
4334 5280
3831 4961
5629 8383
1729 9687
7815 3506
3706 5424
2393 8639
71 5280
3335 9163
7 5103
2879 1872
5688 7391
7629 367
7156 4938
8880 2484
4478 9671
6645 9590
4151 5863
7941 4026
8603 1219
9740 3162
7682 3479
4285 4746
5581 9775
8985 167
9676 4249
5826 3061
9040 991
5642 8007
7859 8254
5447 9404
9002 9660
494 3837
2678 8290
3764 1690
5117 4147
384 9967
1335 5827
8740 6620
6192 6284
26 8908
8525 6993
7153 5684
7758 6080
1275 3916
3124 7999
7631 6995
8093 5088
166 3057
690 3894
5994 7609
1739 962
9926 3070
9040 3393
5603 7636
27 7248
1647 5772
7830 830
4914 7357
2568 7007
9071 1899
4562 6566
8959 9742
7165 8716
3693 4980
567 8240
3553 7435
8632 7640
3073 7934
960 1717
8679 4031
8681 9962
1678 635
5942 4319
412 6262
6074 2332
8325 5532
5022 5312
6255 7656
7099 2193
7201 4102
3505 4392
3907 3304
4666 7888
278 6366
4006 8697
5777 1370
5940 7657
7303 3991
2552 5418
9791 4899
9230 1933
2316 6413
9646 5186
5358 6656
5212 6473
6553 5556
6329 2596
4415 8489
5383 4936
9620 9568
4906 5718
8087 1592
6364 9301
5235 4203
4941 2321
976 3817
3618 3648
8515 2484
6789 792
4403 2946
7973 9328
931 1194
934 262
2056 8854
122 9526
9758 1839
2103 3013
9707 5099
9309 3765
2870 7870
8942 6881
4855 6988
3851 7470
7986 1213
3491 9392
7645 2998
5387 2265
1221 8769
6360 8417
9891 523
3617 4025
7419 7984
8445 7724
9112 6516
8810 3061
3349 4469
4013 2865
9081 8884
8736 9506
138 5753
8193 5050
5755 9787
1298 1407
6444 8354
6166 3139
5376 6989
9568 9332
6855 2604
5401 1727
6210 6998
7612 2961
900 8107
3972 6447
2634 1212
1145 1108
9352 7025
240 5441
5653 8531
3506 9998
6578 6842
7366 3430
5774 2853
3389 1417
5685 3746
6894 2705
5694 9423
9109 819
5839 9118
6903 6865
3311 6189
1793 8260
6303 2296
2603 5342
1881 2930
4302 9856
4746 1046
3847 5615
3493 2979
2846 5210
4714 5765
6161 5041
854 2454
1429 7575
8786 5208
4665 5832
619 3544
3969 675
2065 7385
7476 4748
8288 6342
5597 9214
2240 9680
2522 5114
6067 9313
7370 3174
390 5490
8848 843
5307 8157
4300 3160
8588 783
9416 2955
4563 9539
3835 6307
3434 5700
7826 5574
110 3117
72 414
576 7754
584 2218
9075 2115
3967 4249
7827 6298
6756 9654
9293 3351
6597 2352
3698 3814
2304 5818
1833 1836
8747 6508
7534 2838
143 5599
9769 2409
5538 6474
3771 2977
7577 1336
488 7954
3125 8748
5079 8450
4717 8943
5633 1984
7945 4685
9760 5502
1785 4237
1069 3466
6577 1022
7481 6680
2645 1799
7528 7903
3527 587
6771 6533
6739 6107
7819 3576
4053 5261
9748 3805
340 45
6534 3099
5135 827
5855 9142
4055 3401
4011 3421
6911 52
1931 1993
3268 6726
7054 6147
476 8797
8667 1643
9451 2438
6887 2033
1448 9483
7037 2477
7942 4388
9796 7787
6831 8580
9564 24
4748 2638
6589 7143
7805 4819
5655 6376
1012 7647
9659 3624
943 668
1119 8588
648 6080
3460 7337
659 9111
3386 4571
6400 2437
8950 3094
7722 1554
761 2859
8633 22
4745 5997
6847 1087
7011 4908
7019 2733
6519 6506
6514 5019
455 2074
1417 2744
7079 9525
9156 9409
6835 9729
6663 7915
6710 8581
9706 5937
4100 6882
7401 1428
1854 9445
8952 5214
1818 652
1702 8484
5640 4166
9334 7518
2850 6940
8795 1539
4903 946
5113 5616
5519 4610
3413 9555
5157 1320
7790 6354
1628 5797
5581 5451
8075 257
6467 9460
2446 9890
3749 7097
1276 5094
3347 9270
1997 3155
901 3246
5397 1248
2249 4796
4740 356
1259 4743
5834 1518
850 7971
7939 1460
1686 3118
5559 769
1129 1885
6607 7633
1757 7090
2138 9971
4583 6275
9873 4034
2203 5997
786 4828
3299 7200
7685 1395
5794 3890
9287 6909
4912 6673
666 6183
1465 6840
3655 9406
5027 4935
4759 1127
5119 5925
8146 4928
914 5298
2341 5588
6979 4578
8260 5285
4686 4969
2000 8928
9815 4846
918 3263
7979 4846
5326 4868
9324 2416
1811 1717
9570 9563
2575 7905
9802 8422
8071 2575
1696 67
2969 3859
929 8449
9742 2116
5545 1213
5614 9242
6973 5665
2577 7794
7658 2501
6526 6000
7085 7872
4505 321
4855 6726
3756 6194
5730 2398
83 9982
6430 7123
6704 1831
2314 6623
9411 4880
698 5328
8708 6031
2336 2923
1961 6370
6481 1587
6721 5634
7963 4534
8240 6695
8799 5362
6348 4855
2560 4594
3423 7157
7396 9450
1610 5539
913 8521
7547 6359
9795 9020
4598 8401
8659 6763
5858 7599
2350 2835
2972 2023
6867 9018
688 2758
391 996
5783 4865
9673 9790
9842 4286
6015 9004
3750 5308
5722 3052
4825 1359
8481 5923
4287 4241
9452 7413
297 6553
3609 4847
6871 5631
1491 7447
7358 9712
4214 142
4921 8292
4596 4508
1733 5433
1060 4127
5174 4953
9026 4422
5632 5737
4923 7046
3275 1237
1804 2442
8057 2682
5643 7457
5369 4705
950 3333
6328 7666
9803 5709
6002 2230
1641 5559
4317 2917
4101 7646
893 2446
5482 6433
8013 2691
6736 2466
7926 4964
5815 4566
4909 7254
396 4055
5174 2792
3338 8292
8373 7361
5667 6246
912 4336
4053 2298
6298 498
5552 9718
8250 3621
4477 6273
7200 172
5194 9280
7418 8980
8762 9682
118 8841
7290 5549
232 9105
4676 5662
3002 285
5359 9397
7307 6198
1065 2814
8759 4458
3073 83
736 9594
7487 5602
7729 3311
9118 7542
3924 1234
5345 123
3575 8251
7056 7172
8457 9760
3579 9677
484 6391
5333 71
7247 5552
1871 4270
8997 1369
5801 1576
5389 2257
3062 9838
9855 5362
3320 1519
1995 268
2475 5658
5090 1244
4201 8306
7414 9598
240 5302
5422 7457
1464 8692
656 2456
4363 2152
6114 1254
2235 4146
2063 1260
2862 5205
8746 7821
3513 1553
5283 3187
5821 5814
6981 2441
6852 856
3819 3280
2380 5280
7591 6560
538 2032
2584 4991
3810 8977
8163 1059
428 8295
2143 3158
2925 5326
1673 4390
8557 9524
5146 7636
9386 6489
8205 9398
8185 6335
3975 7729
4835 1685
3006 8432
3497 6760
932 3431
3044 5669
7087 9513
3154 1149
9593 509
6921 8300
7845 574
5594 1846
5276 8618
2288 6897
6649 4314
7546 7972
3518 7403
9165 3847
563 401
8679 1358
8753 6614
2510 9135
3380 1650
390 9174
232 7949
2856 7321
9476 5206
1468 4726
5233 4178
3260 8065
3631 3232
8815 7435
2683 8700
9528 4743
7057 3887
3031 5859
8234 2275
53 6813
6423 1729
3536 5956
2192 4083
5348 9627
8497 4279
1781 9619
860 9447
6389 1017
6779 4916
9980 4964
8137 2190
3435 436
2566 6531
7070 576
4723 606
7316 2411
5529 6853
1455 783
685 9481
7669 1944
7357 1817
4829 2543
6901 652
9382 9788
1431 4133
1267 5654
120 9581
2972 4092
7409 7715
1946 8525
1689 6345
2653 866
4684 5278
2725 7577
3229 1929
3185 6002
8576 5915
3018 2353
8316 6741
8402 3057
8051 6785
4765 282
7932 7264
493 1022
9460 3021
2552 4254
8907 8060
8099 4215
6824 7943
1329 147
7439 9060
7887 8311
5638 9267
7025 5971
3861 6058
2131 9265
5866 8990
3863 3771
9158 8997
2222 7898
4671 2503
1093 9006
8318 6110
6788 3788
6050 1793
8075 440
2664 2345
3748 7586
8764 7734
5876 5557
9340 366
4268 1366
6987 1117
3758 9654
7020 161
1073 2084
7486 2302
7698 2768
6777 5245
9239 5187
905 5217
958 3735
9600 1867
2179 3250
2907 7276
8732 4691
1526 7058
8409 8724
3396 9722
7830 1866
7111 47
5677 7935
8022 3228
5830 7949
6971 3585
7402 6365
8229 9398
3559 7034
6100 2149
201 4920
8357 2608
5450 6621
2610 909
6964 4076
7263 8193
2080 8532
4176 8370
1095 1018
4508 8019
724 2999
2764 4685
2402 1699
4647 1167
6949 1114
6253 5662
5637 5258
3548 7525
9377 8947
3023 9114
4042 1730
503 42
504 4657
9564 335
1052 5594
4514 8131
3717 5812
3934 2414
5017 5987
2766 1338
2294 9031
2115 7850
3638 4943
9100 7901
8580 4576
4563 1740
8133 2946
609 9217
1891 1255
3069 237
9778 4273
1624 4871
5481 2099
6473 6907
6083 1969
1852 3297
921 7122
5538 3613
47 1381
8800 3693
4223 982
6701 6436
5356 4786
8846 8828
6294 6413
5413 7769
6241 4448
7301 3116
1340 3082
2383 8090
1808 1751
9818 7122
6571 3935
1116 2555
9566 7924
9078 7813
4730 1086
7867 7759
4487 3980
331 8396
5075 1700
4191 6665
8933 876
4594 7711
5827 6114
8940 6472
6889 1366
4008 3777
3825 6686
3318 441
5210 1304
5489 5141
4758 1712
1724 1966
738 2874
612 5196
610 4244
4412 2850
2423 4339
1082 342
8944 7621
8838 2268
4935 5838
9356 1120
6963 4980
7115 4698
4358 3457
644 3485
221 6121
1827 7321
7888 699
9523 6433
8692 271
9069 1673
3791 330
6205 4690
8589 9486
8197 2435
8959 4393
229 6221
7466 863
1600 2626
9412 7155
2798 1919
4910 4163
1574 2135
3666 77
4582 8261
53 574
9956 354
755 2092
8858 7104
2597 4043
9226 8003
8679 7044
9860 8810
9762 9492
7763 5461
8803 2725
6658 7449
9577 5720
5536 4558
8690 70
9212 721
5077 7040
2556 7375
1448 5902
666 3167
7542 6436
9138 2808
7654 8764
934 8387
5834 8463
832 5875
4270 2985
6790 3781
1067 6510
2930 5997
8472 1454
9143 9597
97 8050
7130 6401
8501 9723
3827 6077
6240 1445
5723 1997
9701 4311
3554 6400
2845 5901
6261 7651
5321 2972
8373 3559
6034 4476
2507 6285
8788 6915
9512 3322
9447 5049
3370 3613
586 2946
2390 670
4892 675
4434 6923
9456 5633
2277 7822
8643 831
7593 9189
6527 2592
5852 4784
568 8224
3329 5502
2728 6347
9143 3625
283 9278
105 4637
3587 9293
9204 516
6338 9339
5086 40
9692 4654
2329 8965
505 9265
7620 5406
4932 3334
7871 2532
1085 4742
5249 5614
2431 8442
452 2441
8527 2867
6247 9473
8852 5546
6141 6785
419 3894
2749 132
3567 5233
6959 1164
6423 3472
8237 4967
3962 3989
4562 4659
6450 8020
5446 4472
4972 3780
4137 3654
9938 2694
4626 2195
5736 9244
3295 7535
2817 3464
5344 5030
3362 4245
540 1568
9656 4599
63 8695
3910 6582
7904 3756
3505 5193
4054 6678
6807 1719
8893 261
7045 3157
8962 9793
7389 3675
8813 8795
1489 6731
1313 5420
6286 7006
5268 3391
296 1484
8096 6683
1004 7667
5542 6551
3932 3669
6080 5910
8118 8740
2074 6485
7249 5608
213 3903
6605 9448
5968 2617
7177 8167
6517 3211
573 4362
1299 7437
4851 3976
6077 6400
4214 3098
7257 4048
1620 9914
3949 6039
6107 6342
5359 7563
2013 1362
9533 8294
6401 6464
9024 3003
9386 7463
1348 6358
1632 9281
3528 105
9989 3327
3499 3191
9765 663
3731 7784
8039 8741
8961 5132
7865 7755
9979 2317
9677 6240
8489 12
3977 9695
8740 8717
9863 5975
7670 9035
7100 9200
8804 4174
8546 7506
7158 6347
5068 9398
6594 2569
3786 371
803 9858
6250 8382
7757 4629
3384 3343
4193 5669
5340 7827
2388 7075
6844 6388
7283 3500
7084 2511
4238 3932
2668 3701
6623 1306
2201 6402
1120 7619
5443 2577
1055 1531
9270 5877
6400 3630
9099 4435
524 2460
6229 6244
8904 3615
6632 6661
1067 4258
2534 1137
7788 8674
2306 7557
1318 2294
1035 1928
6281 2396
2508 6315
7187 2124
9222 5406
4027 4210
1108 9243
4125 1997
1744 9257
3619 6045
6667 7383
7527 1043
8106 6628
2370 215
4338 9966
7050 6791
1524 6560
889 871
3549 296
1006 8114
7917 7398
7757 4101
3111 1896
5595 5122
4108 9288
504 2213
4637 3622
4043 418
2564 8251
8707 7577
7452 3244
9191 7559
3227 951
5915 4791
3254 6953
2625 4373
8191 1798
351 8812
1483 17
931 1631
8432 9962
4028 5093
7727 1209
6026 2521
4108 4705
1166 6024
706 6010
8646 8143
208 135
6625 718
5297 5886
9396 3622
5520 9622
6028 2317
1355 7164
9270 9554
7351 9891
7115 5829
6430 6683
8486 842
2466 7553
7641 5437
7102 2665
1991 6866
9600 4919
7945 2027
8892 676
3303 4125
641 366
6484 3917
15 6590
755 3808
6865 6946
9717 1180
8024 9273
2600 9522
9418 9134
9371 2964
5449 1727
5462 6326
3406 7048
6046 6675
4471 9275
2016 6664
6173 5159
9590 498
6690 1423
8571 1981
4902 8404
7449 5714
2983 8192
1639 4016
5693 6489
5976 7836
3865 4142
3963 8881
88 1144
5881 7607
8414 9166
9345 7369
1546 7676
3269 2920
7948 7502
9111 3433
3439 4023
105 4806
3553 4107
8051 6296
9773 1186
4338 8859
9948 7035
2632 5404
4313 421
121 5986
812 2334
3528 5273
5620 9933
5323 3109
7087 5163
7975 7919
425 9344
5626 1202
5098 721
4592 735
7703 3225
9145 7170
139 955
6817 3977
7391 281
2923 3362
9964 7607
1025 3444
3749 4340
472 377
5635 6960
9192 7435
281 6110
1766 6370
2860 2095
5575 4323
1526 7230
959 2562
1646 458
3194 8797
9656 6392
1152 6193
7577 8996
7705 8206
7527 4171
1200 1840
8256 6666
4170 1747
8186 8828
4600 4747
9860 2095
3050 1767
8010 1301
4485 8608
2284 3535
3844 148
7026 9751
5680 5183
1493 2638
1653 7425
8200 7622
5045 6082
6746 8694
789 6920
6278 2435
5326 5285
6249 4234
7554 6055
9101 9695
6868 8498
8378 9384
3945 2119
112 5067
2196 8574
5633 6759
5415 4634
4980 3757
2977 5640
4411 5251
4025 330
8685 7952
9688 2096
9516 1578
8399 9444
5848 8897
2648 4649
485 6640
7079 8633
9626 1492
3523 5634
6901 3770
5667 3840
1397 5477
9497 9791
5964 9337
2035 7054
506 6537
8228 9466
922 9644
6383 7268
9391 6552
3396 1014
7872 928
2577 857
5648 5742
7416 8040
4983 3574
5288 5098
7870 3917
5987 7751
260 4055
7198 7942
2454 6224
6864 3284
2686 4482
7167 3296
2061 8670
4339 841
1087 9874
8766 2824
4633 3734
8767 7352
3259 4060
8955 6222
1628 2121
1647 152
135 688
5825 6706
8928 1928
3475 4121
4069 315
5045 2637
5136 9328
3924 3289
7885 8063
4284 4741
312 5102
9914 2651
1810 4056
2879 184
8372 8200
7060 8479
2843 5830
3436 5392
6129 467
2354 2101
8435 4378
2941 8306
9847 5411
233 7323
8323 292
2092 3328
7864 6126
2563 5102
4479 6277
8851 1277
2394 530
2600 260
5770 7899
2676 3944
9760 2008
5184 112
5586 786
4501 1663
4681 9027
5848 818
3377 1928
2776 1607
2572 2689
1043 7495
1942 5151
2778 266
9705 1630
8354 7565
685 3884
3984 8983
8108 7025
520 4795
6355 3575
8611 4115
1492 182
3289 6541
8133 6279
9131 7935
5283 2649
7321 147
9062 2000
5165 47
596 5412
1925 1843
5967 3669
2450 2918
6760 2000
3518 990
5853 5009
2255 7999
8142 7186
3846 1746
9982 7635
8638 524
3106 9711
6600 5907
1998 2152
3228 740
6797 6541
5045 4125
5861 7674
9317 460
3646 7694
1027 4098
8653 8558
9961 5477
4425 1275
8893 1903
374 2822
5858 5530
8642 7422
7606 9597
2444 8725
6833 6451
4932 484
1 6157
6645 6101
1183 4883
1463 744
5351 3462
9883 3224
3250 7464
1447 6610
9017 784
1577 1616
459 1060
6639 5407
3646 9509
3903 6930
3848 1639
2854 5713
2230 8359
2713 8663
6528 2598
7567 2795
3595 2279
4433 6407
5282 3837
8106 1212
9193 6932
317 1169
4862 8304
7800 9081
8844 8136
1409 9610
8500 8839
48 5086
2004 2680
5916 3363
5926 6689
7461 3738
5676 6823
831 1627
912 7966
1321 7529
1314 7712
8472 3834
8151 8450
5919 8547
8169 7787
6226 7989
4400 930
8737 5508
1071 4485
1792 190
7210 5777
8960 1064
3643 4837
8164 7808
2321 663
5478 242
5428 5236
1442 720
2556 8582
1439 9391
3551 4028
6355 4654
2131 4241
9981 8088
1857 3629
4396 6730
48 1782
5297 5462
6357 550
7606 9263
4911 4931
7329 9093
3197 7001
8691 3982
5430 7706
1941 527
3932 5050
660 9811
2834 7043
7341 233
3829 3178
4735 4603
5741 722
5081 9744
7123 1081
4968 2053
6395 3760
8846 8828
8852 1169
9279 9373
1767 1395
4854 906
8552 4374
1551 9920
7268 1216
7932 6601
5652 1240
4312 607
6237 8003
861 9634
8101 2974
398 5703
4091 1408
6191 6933
3942 9850
531 4462
9252 2230
3697 613
7778 231
7394 8605
3235 8924
4447 7587
5030 6394
9543 1282
2227 4946
547 5187
1704 5068
8738 2789
6122 39
8629 8394
1822 3465
8100 997
551 1162
2257 2358
1689 1757
6343 3025
4211 942
6781 4969
6724 8190
8621 8740
11 4375
6476 7109
5183 2484
5662 1749
9677 9162
3447 443
5973 7088
1041 6166
369 4001
9370 1828
2350 2418
6828 8046
7661 1616
8809 5697
3016 4586
2654 2226
9016 7528
2266 3749
7183 4053
91 7597
4646 1408
1157 6788
340 8369
6349 2476
6853 3061
5738 6033
6860 7262
9348 9349
9107 6267
5268 9700
8535 7605
2326 1030
6132 7889
1093 9266
3036 2628
8962 1661
6091 8873
2381 1006
2116 7186
1913 7369
698 2089
234 8296
7678 2470
3334 2829
8402 7076
747 8231
591 4821
4995 506
7068 917
2720 8385
7257 4909
6875 408
2733 5914
8235 2703
1270 7697
9148 5262
5530 5298
809 5489
4856 4941
2355 3771
6980 3049
846 5274
9526 7961
8716 386
3607 3427
3375 5547
1307 2677
3492 3166
6853 9057
1474 8385
4442 6778
8515 7791
8846 672
8145 6394
6860 3466
9825 2510
90 2861
9841 4416
1783 9595
7917 6143
9865 9458
7462 9888
9201 1250
3483 6554
8514 6196
7608 399
6025 3826
3455 7992
946 110
9763 7034
9832 5759
6952 6488
5141 2167
2265 1820
2605 5384
3298 5982
1365 3974
2784 490
8018 1880
6969 3315
4692 1371
2370 2982
4554 9195
8984 2742
3662 8208
6801 5109
3365 3210
3044 3481
1295 819
2415 2980
1046 6380
2020 1735
1116 3038
8427 4636
2335 182
9738 5975
1248 4486
3038 4554
563 7056
8609 4678
5126 1049
1691 5425
7931 2
1961 5348
6475 2935
3067 2347
504 8336
935 1675
7866 4931
7464 1696
9054 5510
1449 9719
3341 4804
9059 4693
346 834
5019 4353
7890 2695
1821 2053
8632 484
7345 6836
1361 485
7075 116
4247 9772
9309 4993
4608 2450
9485 8397
131 1684
1560 3797
4651 4814
5443 7170
8508 3028
2415 417
5806 4477
2130 6592
2383 5961
288 9950
3791 1805
7100 463
7449 1584
6029 7002
3101 2635
5594 5074
5835 7745
7089 5806
2354 3112
3436 3023
1893 5699
3239 4383
8934 9896
8356 7836
1034 9908
2639 1786
1598 673
8412 5011
2533 871
6378 5600
5307 6983
9585 2942
6838 1226
8798 4776
2319 3561
6136 1093
6910 9990
9422 3467
8209 8684
7653 1549
9598 3308
9171 165
3963 316
8771 2974
3315 2207
9949 1793
2864 1043
6332 8491
9003 8361
4752 5840
6600 2003
3780 417
9304 4412
2098 2526
7565 8727
5481 2644
7778 4126
9961 9251
7334 1270
451 79
6866 9066
864 482
7903 4455
8983 1433
2017 1799
3779 7023
5227 2433
4302 5700
8889 5123
3283 8860
3895 5689
27 2016
5208 1033
4557 9560
1279 3437
658 7765
5045 345
396 3075
7793 5875
7841 4078
4948 9
8721 4873
6362 9682
1968 4778
4616 8080
6188 603
8072 5479
5979 4041
9555 9376
4174 4589
8898 4143
4097 80
8916 9008
6609 213
5976 1473
7036 3777
5405 6612
7448 3956
2214 9384
9186 1688
3088 5292
3043 2638
6318 530
9987 3639
8348 444
9061 142
6519 1962
517 3641
1610 4131
7924 2490
1704 6970
7932 5315
6090 3614
6521 817
6380 433
9178 3341
1381 9522
9622 4285
6228 3227
8085 3667
9943 9168
3206 9087
5804 3277
310 8971
4076 4325
9113 3244
3263 4405
186 5215
5338 494
5325 5954
9137 4176
5809 9262
7151 4346
3083 7705
6200 2539
6488 6143
2150 525
1027 5775
4562 5363
6555 5489
90 8425
7368 1951
3844 7516
7539 3764
1270 3570
8873 5796
7835 2209
8152 2767
9089 336
2238 3730
4640 8631
6761 2108
2816 9163
5736 3213
7626 6430
9862 8134
2638 2903
4262 6583
2472 1393
7012 929
6592 4310
7664 5413
6381 371
918 4214
7521 8911
210 3057
9668 898
7935 3909
3196 8235
8269 5903
8311 9059
2867 333
2772 6359
3184 692
6865 1968
7497 1448
7468 3031
5814 5463
19 7348
658 6783
9753 3249
1672 6960
6301 1763
4965 7088
2165 8655
6905 1999
5418 2008
9144 6280
4383 6637
8612 5072
3705 3676
9380 5671
3200 7797
3664 2500
491 2855
8538 3306
7319 2639
5403 3370
1588 9401
1140 8880
861 6568
183 4979
7009 8984
9708 3818
8416 1342
8113 7015
5900 7214
1145 793
3897 3711
5549 6133
9435 9313
2586 2241
4093 1715
3774 9243
2116 4316
7959 8810
3098 5641
2544 7840
2319 7848
8889 6677
5326 9012
2865 2360
4960 2906
1227 5118
8254 8655
5333 5326
9543 7428
7144 8924
9869 5934
4948 9128
8589 5760
1481 3629
4149 2947
3614 9138
2615 2721
424 3518
3488 8697
4834 6398
8198 9769
2320 6530
6808 8798
9165 7976
9629 2973
2969 4203
9649 8256
2462 6222
4262 946
3093 6693
3609 13
1356 1704
7543 8054
460 7897
3411 9813
7962 9144
4843 3732
6430 3789
3058 8547
2456 2109
2074 1759
4281 9214
6523 4798
4609 7912
6919 1989
5870 8786
3122 1048
9289 1215
138 412
3564 8782
6809 3962
330 5703
8805 5758
6303 400
3327 4644
1022 9492
318 919
9803 7320
6879 6831
3248 8451
7975 9544
658 2123
394 7247
3661 5421
3299 6112
7230 2241
9014 4115
6873 9428
9811 6538
5734 4561
8736 1317
7872 7051
5873 9529
5580 3548
8158 6913
9084 392
264 7267
3883 7886
5014 3885
2496 1400
4354 1498
1889 8684
7095 2979
459 1350
1619 9218
7963 4464
9084 3057
7620 8641
565 3668
3225 7930
1992 6553
8710 7193
8137 2018
8020 7835
142 9393
1896 825
309 6776
2914 8704
4357 73
1272 3172
2725 6713
181 4017
348 8744
819 7354
5501 7294
1223 4688
1527 4487
7390 5057
9296 3211
5889 4855
7688 6534
3569 8985
3154 49
6257 1367
6534 4743
6634 9850
4254 679
8894 1977
5860 9237
1218 9936
9000 1599
8290 8254
1890 2117
9670 8142
5972 6304
738 6420
9394 8661
3168 7705
6783 1397
9484 5427
153 2192
1318 5703
4231 2420
7302 3970
416 4510
3809 8216
3174 3172
403 9529
1715 4934
676 7612
2839 4733
8551 3037
798 4943
1975 5392
8774 329
5543 1576
2782 1739
4529 6001
7413 8240
9187 1965
3875 8480
5606 6906
3755 8744
4463 1603
3308 9996
3899 2940
70 1381
987 6381
1830 681
6602 8201
6379 7984
199 4176
1148 4603
5144 4391
3271 4907
2559 4573
1516 211
1979 1382
3430 2027
8485 9300
8444 2339
8821 2247
6525 6592
3129 7931
4600 2969
3589 521
7295 8977
2394 259
9692 1493
2879 3232
2851 2462
9624 7435
554 8948
5564 948
7845 273
6779 1198
1087 5869
382 8346
629 4031
8579 4217
7922 4632
8860 3521
1588 274
3567 756
1283 9445
5518 3366
8738 5424
3656 8377
9826 3925
5730 5620
1081 8892
2524 9923
4 4854
4972 1458
1898 7831
7617 5041
950 6645
6016 4794
4036 6023
6991 4537
5657 655
5802 2243
1167 907
9345 6194
7664 390
343 3171
7742 42
7626 1332
9094 154
1429 5184
2180 4588
3893 5631
7305 9083
6494 5652
3181 198
9594 4926
9760 3962
5924 2552
7540 2459
5054 6133
5041 7820
8876 3097
4341 3844
3674 703
2024 3030
6668 9980
9446 2584
158 3305
4500 9483
2563 5015
4457 4317
5339 383
174 438
4372 5807
8478 3081
5897 6793
7108 8283
7578 3117
4259 9718
2527 1259
3872 6571
237 8968
7148 1053
6449 6012
3330 3363
6687 3977
5619 7195
7461 430
5220 4116
9604 4178
1944 9651
6202 8766
9115 9799
1447 3558
1795 2302
2097 7042
7181 6170
6872 204
9838 4940
259 7037
9277 850
8492 2225
9739 6715
9453 1891
8531 4811
650 3430
2250 1411
1877 6482
6424 5342
4762 6096
9748 4109
6114 8004
6223 831
3375 6201
3421 2562
1363 3749
2529 6444
5370 555
8197 5744
9262 6246
2249 8145
5417 2279
5031 5187
125 2227
3788 5809
1024 303
2556 6508
9528 7898
4855 3585
4108 7278
2084 5841
6288 3973
946 284
7544 2080
498 6885
3948 5366
9197 3475
1825 6889
2505 418
7537 993
9787 6924
9597 2447
7758 905
4308 5110
2730 4171
7633 6974
1145 8369
9799 558
4062 9044
35 7078
2198 4838
5642 4497
246 9042
4908 3394
2101 7703
3763 1565
4119 6759
6877 2142
4888 5048
2039 131
1092 6700
8456 1342
141 2567
5574 8049
5142 9491
7408 5472
7218 340
7595 5217
973 3794
7469 3916
6045 1974
6092 2419
1236 2479
9128 2488
7496 8915
5203 4569
9501 4856
6696 5613
2474 1148
9457 6464
4111 3475
8006 5064
5232 2134
8288 4436
8601 2740
7863 7499
4345 7307
3263 8352
6092 2722
4959 3635
5263 2050
8383 8504
7721 803
5382 6219
1358 4494
3293 2049
7970 8345
6223 3
1159 560
5090 2579
5311 7434
8729 4514
6645 6874
5235 2026
674 6654
7934 3655
3438 2900
6075 3850
8197 237
9401 6685
7575 9460
7257 9245
8821 6746
1346 8233
2190 5065
8013 2731
3520 9599
7695 3238
4504 5856
1080 2038
5651 3458
1083 5978
2821 9334
2224 4778
3870 7582
6173 7984
6449 8168
4321 9694
7935 6061
6655 3542
3888 7996
7773 6962
3644 9106
3385 9809
9321 7871
4505 4438
9732 4589
9101 1221
2894 931
1307 3572
8651 6970
5120 1001
3649 6111
6736 6670
4685 6450
4547 844
2033 3579
8545 8419
2810 175
987 585
672 1035
1848 1110
8672 2703
6388 9162
926 91
1932 1170
7244 1414
5852 3889
8239 8269
9480 916
7614 758
6377 4594
8055 3163
9844 9255
4476 9101
2020 6855
9098 2668
5122 6262
4930 4399
5418 5271
2026 9262
3020 9971
6595 3053
7344 3115
8315 4328
5262 8108
4389 4461
6961 6741
9582 675
7058 3516
5448 9482
7426 3406
4636 3113
6023 285
6735 7011
3095 2758
4004 4230
6575 6056
4265 5449
5566 3962
8413 7397
4169 6513
5344 277
6478 402
3611 3095
3901 7846
1972 2338
3177 3590
8429 2151
1270 5854
466 2807
6015 4141
7607 136
6065 5605
4359 7376
8186 28
6552 2563
7131 5186
7225 3146
1670 9501
9433 7248
7039 4627
8417 7973
3122 2805
737 5216
9232 4893
464 4048
5005 22
496 7220
666 8931
2826 8437
8910 1525
4575 3315
3619 815
912 3925
2363 671
8840 1424
4706 8511
8444 7942
2187 4142
1559 3027
2522 9511
4630 2966
1601 8154
8534 7979
5360 4032
3672 5756
2474 5831
2513 5827
4276 7192
375 8002
4416 9589
8303 6921
5581 8504
4859 1604
757 2562
1479 3638
7893 9511
3239 6722
2117 9615
8293 9344
9735 6548
2686 2918
6167 7444
6585 1001
9703 9067
6594 3961
6166 682
8949 47
4376 4259
5060 3852
6227 6003
7931 7141
5630 4112
8785 948
8006 1875
9210 6280
6062 5620
7777 1327
7825 6500
3550 5943
5296 1522
9511 5925
337 346
1349 4629
3556 7011
2503 65
4526 8767
3614 5645
4838 8515
7631 4828
6840 2951
6951 8157
5621 9498
2192 901
8245 8750
3804 1800
5339 2087
7071 3676
1019 7328
9325 1214
5537 3982
31 2818
3185 9625
9273 9691
6618 4489
3169 7439
4458 503
7317 9671
8989 2712
1599 742
3072 1630
8960 5843
2043 4622
5285 4667
35 9342
5011 2975
2943 6570
6989 2591
8485 3569
5518 4391
4602 2136
9996 8494
2093 4827
9478 6573
8676 3670
3219 5359
2760 18
2189 8591
360 3735
9924 9889
8680 8831
8721 9706
2341 5738
59 1329
4090 5492
4525 6697
6719 9306
1891 6014
1948 9836
319 4530
4036 8152
1904 7835
6460 3399
9637 3864
4263 2189
145 2813
2274 9934
7109 5751
1295 7226
7006 6970
7740 6987
5564 7646
2661 6208
9992 7105
4277 7391
6798 5172
4953 4220
7879 7820
3551 2771
7372 4371
9645 5908
3281 4139
2930 2638
5866 7717
3472 7977
7338 7646
7917 7910
3914 9488
1529 66
815 6415
5516 77
1953 4675
5044 2463
5615 8786
6282 6767
4535 5436
82 694
425 241
8257 2700
7084 4310
9802 6061
4453 4598
4888 8412
4915 5101
3195 9715
917 4526
66 2058
6126 6053
6846 2808
3448 6090
5777 4653
1262 3666
1733 2734
7763 9179
6455 9529
1170 5762
5514 303
9907 4906
3737 2543
7629 9686
1642 329
567 4775
8659 6749
4197 9344
835 3782
6154 7752
866 1901
2787 4705
1994 2240
599 7754
2468 8151
9408 2934
4383 7577
9782 994
7641 1716
1257 2126
386 1375
2343 2779
5302 617
8436 4860
5708 6846
1322 7997
6819 4396
7858 2021
2079 2583
2142 7219
1332 5808
5903 6476
6329 6250
4485 3992
4807 2748
3400 6267
4196 8170
7117 9434
4097 5018
7015 7520
6392 5969
5842 6774
8101 1154
2712 256
2904 1777
8585 6561
2932 698
8862 6143
6033 2784
4547 3293
2182 4402
5367 5734
9539 4787
8468 5690
7196 7567
3610 1746
9109 3067
3356 890
9743 6112
3258 2596
9079 2214
7708 1938
7849 2330
7367 2145
6131 1234
9769 3211
5748 5436
3578 8630
474 4295
9961 7110
8853 6764
6608 2595
4932 7102
7420 9055
6036 1980
8152 8749
8735 7686
9760 5300
7453 9538
2276 7980
3469 4992
5129 6908
8144 5253
3240 3049
4482 9987
2534 4425
8881 6058
8295 1758
5403 2997
5558 7903
2726 8115
8562 8071
4933 4997
701 2544
528 6256
4061 2719
262 3436
7414 5462
6220 5872
6061 7586
7548 7684
8904 1919
7689 209
9540 1184
2675 9473
34 675
6963 4216
6157 9756
1224 569
8491 3038
1034 7048
5982 9448
2076 1931
7992 232
200 3692
9429 9252
3165 8524
5146 5118
2816 8062
5923 916
3238 6374
2761 423
7935 9955
8007 4853
3883 9974
6124 2885
7048 6025
810 6968
8539 8771
4580 7370
7261 2297
2003 9023
7475 9089
2525 6845
9702 3959
6678 1447
4782 3119
1143 174
3340 5869
8614 2112
2233 967
5236 3606
874 6708
9580 4403
3482 1916
6897 7824
5155 5262
9759 4426
8400 1373
8938 408
3758 6788
1907 3696
8029 4080
9608 7184
4957 8381
3255 7417
178 8550
8254 225
6565 9153
9093 8538
1920 6952
3164 6489
2799 1469
2707 4326
3322 7640
4445 1531
7239 175
5046 2431
4690 1645
6237 8463
3383 1785
5939 8416
789 5553
9385 7980
1883 8222
626 4675
4654 2744
899 9071
5722 9875
4675 1565
8834 2422
9716 2552
3754 7237
6241 6966
3241 4849
1697 7923
9758 2369
1635 8726
8983 9012
504 9955
8772 4497
3448 731
660 6050
450 6767
5473 18
2941 8913
722 6067
4897 320
7348 4811
6478 4253
8455 967
2147 6740
3883 7700
6170 3388
5533 6065
9923 6550
3648 817
9736 8972
3490 393
7373 2031
2254 8086
5577 2334
7320 9763
2508 9017
424 3802
8279 7040
5992 3662
6449 9813
4907 4705
9150 4840
5428 4487
2293 3141
493 7001
3346 1393
7189 2195
6798 5261
8642 6378
818 1056
2744 384
2811 4469
9341 6158
8090 1486
7724 5122
25 2916
6300 8753
9402 456
7209 934
8824 702
7834 2031
1782 9880
467 8453
5447 8839
895 8631
8228 3545
7931 5724
1080 199
8056 4095
7359 7181
9235 2779
6893 3959
2410 8269
3049 8797
4120 8463
3517 75
954 5711
4594 9665
7552 3837
605 7823
9216 6294
9177 8984
9022 1536
3451 5792
221 4064
7563 3742
9675 4304
3074 968
3948 4652
4551 294
3877 3396
9024 5451
6739 4232
711 569
1195 7341
5865 5186
8310 9638
4196 9143
8922 9231
1346 6393
6934 9277
1126 2919
811 5222
7292 7579
9548 8859
2084 5738
7350 6746
5438 728
9990 8939
2870 7324
1156 1908
5228 1906
3547 2007
745 1747
1128 3582
3525 6342
2209 4942
5934 7421
901 460
182 6719
2368 1599
1365 8433
8901 1796
6706 1986
8761 1406
1229 7310
1501 5405
9181 6483
3447 6588
5793 2368
1672 6217
1656 9148
2585 4192
7675 7496
9610 4922
8904 1532
6411 6001
4214 2574
5381 7135
5652 620
3622 4931
8708 2456
4262 2813
2995 2699
6750 4044
7576 4310
4306 1489
7825 3971
3766 3988
6436 7936
4767 5904
8724 1127
1062 3921
2857 3549
2848 1312
2350 3344
660 3515
2799 2107
8505 3747
6007 3612
7483 4800
4618 5142
2627 2235
7193 3181
7777 2796
1909 7076
6589 9004
5289 811
1166 7900
2263 30
4384 571
2928 2502
1627 3087
9584 31
4393 1821
7988 5340
5305 3316
1896 4150
5386 6522
8128 2725
4825 1760
1981 2113
4264 6811
3917 8586
9332 7147
5080 4100
6011 7664
3935 1862
4134 1363
6063 5485
6322 738
3706 5047
3994 2940
8163 6280
8325 523
5531 2194
4516 8276
211 4664
4139 1561
8220 4380
7600 1882
1197 9006
3267 6900
6316 2448
6771 2730
3495 6801
823 3641
6492 1166
254 2665
6704 6686
1591 3832
4577 7730
1489 8248
9546 2897
1743 6326
5721 7820
6242 1622
8118 6582
2698 1734
5527 1424
8439 7541
9471 3084
8341 9293
4800 4952
2944 5502
6165 727
6510 7913
6394 6440
802 6195
3195 718
9385 7931
7251 860
669 1093
6816 4010
4667 320
9494 5312
8469 5767
414 6576
6228 1749
4387 2100
5772 4463
3415 2568
8895 1602
4946 1477
5063 4483
1179 8673
7447 9764
4619 5039
3474 2340
4007 5411
8523 5314
832 704
6518 7418
5749 1983
4230 5522
7301 4974
1620 7507
5402 4025
3255 3629
6035 1319
2128 4008
4451 6977
4745 4036
562 7994
3785 5792
7419 1287
6729 6242
3444 1247
9031 9602
6808 7345
97 2458
6018 3407
7848 3136
7614 8979
1904 3740
8381 8874
9347 33
8098 7119
5298 946
9420 6503
9867 7819
8198 2887
6338 8496
7278 3345
4406 4987
4667 5434
6438 9312
4914 6193
4484 1668
2213 6753
4611 9026
8313 2652
6938 1998
6223 9515
1318 9269
2394 6394
1062 219
1184 7065
6998 9518
9203 4569
9203 2007
3290 7675
722 2810
1619 4641
2792 1955
2690 7736
3453 5029
7470 865
1612 2036
2628 2891
7932 5514
8333 1393
2693 6918
7713 2259
1775 1294
8018 746
4290 3159
1824 1109
7079 1738
1925 1029
9252 7582
9494 6978
730 69
5806 2876
1637 7395
1581 1821
8516 4023
2688 1015
4387 4710
2107 498
9904 4192
4791 3609
4882 5459
2551 5078
3158 946
1154 476
7453 9151
6780 2335
9121 530
2442 5687
2653 2892
6709 1472
4476 1446
8093 7665
5955 5496
2273 3372
7306 214
7596 2529
5249 1709
3344 1645
1955 8693
6091 1782
246 9088
7244 8513
1243 4636
8201 8056
3087 3878
9924 1368
3203 6244
2114 9035
8676 3354
2472 4248
7201 6986
9457 5184
3987 3239
944 8546
9534 4873
3187 9311
4524 9901
2243 4317
5487 7405
3968 3146
3223 9353
4710 2796
4897 3636
4899 1813
9252 216
4558 4475
836 8107
6445 1275
8139 9746
5497 1336
2965 6914
5131 9053
826 6998
1132 1458
5289 7865
2379 9671
6259 4398
6345 7798
4983 724
7579 1810
9134 8123
1784 2133
4050 2339
8331 977
9759 9595
440 9606
3590 5588
8469 7041
8404 7061
577 8816
3712 920
5687 9625
5194 5230
3034 4428
5279 2821
1963 474
7388 5123
9638 9506
2129 9601
6781 2571
5913 1923
6724 8436
536 1620
618 8138
7328 70
3748 5526
5321 9760
1663 8995
7392 3042
1931 1819
892 2261
4268 5946
896 9222
945 6391
6771 9136
2204 1311
5006 3644
9820 5469
5765 183
5912 4755
8478 3027
5100 526
4189 69
6706 5697
5695 4176
3994 7432
1581 6682
6472 518
1499 9437
2260 3010
2658 8773
1050 1641
4363 5332
6163 8612
8449 3235
4865 1517
7458 8972
7017 9120
6604 7327
7670 9439
9495 5548
7591 2169
4341 94
5789 2970
233 6214
2564 9578
6137 3369
2664 5139
6006 3895
1999 2702
7755 8857
4501 8359
4779 8461
7664 3460
9747 9084
6654 5053
8538 9027
6554 4802
3306 4333
9057 7400
4328 4425
5278 3917
9814 8239
6110 673
7555 1370
1352 6229
1412 464
5499 4171
8059 9360
3718 4961
8875 1161
572 202
7413 8564
8347 5278
8761 1049
6671 5770
4255 2173
1036 646
4718 7344
9404 8272
9959 7571
554 2136
799 5459
4534 3972
3145 4710
484 962
9122 9878
5283 9689
465 6865
4446 4733
1289 6512
2480 7629
7370 8613
7667 905
7047 5279
1553 5468
6553 5564
6147 3464
4820 8843
5999 2239
873 9475
2838 1346
6113 2040
8440 1133
2844 4857
4636 5728
1034 505
4326 3291
9467 3338
2287 3008
3437 7679
309 4443
6026 140
8479 6134
1669 7922
2448 1117
1008 5222
608 9025
9971 4152
2830 2665
6683 5022
4193 7938
7818 8912
9975 1003
6196 1522
8732 6809
4914 1331
5632 2429
9369 5089
619 5032
1071 7941
5574 8333
7695 3127
4219 1906
4576 6462
8231 1964
3732 4986
3580 156
6374 3089
4873 8678
7984 3786
6221 5795
8833 1675
885 5828
4391 8972
5537 7149
2732 6489
9423 384
2527 6411
4304 7849
247 1898
7032 8012
2462 8227
3058 4154
2104 4475
2586 6093
5934 5936
1765 6101
4313 1405
7691 2061
858 1697
9349 3487
4827 1352
5077 4518
5449 8367
166 1345
9012 658
408 1259
8013 8552
3063 2944
4645 4696
68 377
94 9161
1260 7558
5835 459
7111 1831
9752 4877
3259 4327
7264 1654
2336 524
8089 3890
8504 7677
5076 1669
1327 2732
8480 69
3889 9630
7963 9213
1532 7525
7685 6636
1694 7628
7449 9740
6708 4539
2102 712
7370 7702
9331 9782
7056 4397
5090 3386
6078 5102
6253 8909
5435 7551
7821 6796
1830 361
1151 3907
1255 9906
1383 6348
4067 8591
6706 6975
8734 1553
521 3276
1250 6095
6356 9805
7888 3054
3973 3459
6088 4529
5065 1767
9547 150
7165 6780
836 844
713 6464
4887 3263
7186 1869
4051 6539
954 508
9374 3421
8945 8694
6682 2132
453 3672
2239 210
824 7923
6855 7559
1442 9749
3065 1500
2188 2198
5878 5875
7076 420
3139 8580
7061 3415
1900 7197
1856 2839
5391 5323
3529 1802
1393 7549
4409 7530
7996 5749
637 1998
8469 9359
9885 6218
4611 6409
6123 19
6643 1606
234 4136
7957 3475
6514 4654
1534 5186
2478 9794
8522 7457
2170 7622
9092 7662
1589 6949
2413 6792
4050 3711
9947 5499
6660 8361
3840 914
418 8305
4686 650
4270 8468
235 7733
5898 9781
2411 628
6076 2031
2661 1725
9454 1093
8015 6975
9483 8667
9871 2285
5584 1202
5661 1016
7077 4495
834 6216
6079 6244
7986 1763
5804 2606
1675 4145
8112 189
185 5975
2630 7396
4505 6682
1492 6074
6136 7078
1951 1314
5997 1744
4360 9510
9445 6171
9818 3163
1294 5242
9461 7499
9082 5601
3887 6100
5897 190
9207 6654
9295 8731
3636 2949
1200 7965
2408 877
1826 6464
6013 9515
3244 7233
7916 1450
645 6278
7240 3182
9423 5632
7597 1064
9728 6755
8244 5871
3056 1339
1863 2302
7248 3752
7110 9387
5782 9169
7834 8040
8661 2824
6156 7051
1420 1438
8641 2054
8032 4958
8055 9590
1447 1616
5892 9185
7780 5770
2651 8396
2801 5951
7898 9000
5522 9899
2815 4047
6855 8312
4057 8881
1917 4853
3233 2123
4221 4699
9713 3799
2354 7976
6013 6166
8901 3199
1750 2871
5582 889
9898 830
5261 754
2873 6885
6788 9996
9072 5089
1882 8886
480 4537
6616 8139
9796 5139
4520 2610
5181 7486
305 9187
5420 1827
2879 5037
4073 7163
4887 7022
4447 2862
1044 5582
4765 563
817 4931
9137 4002
7558 6048
3189 4823
381 2992
2616 6542
9043 9337
7729 7545
1000 9506
9904 6893
5937 3282
2754 8347
2397 2564
8592 4310
6299 5329
4578 5835
1267 4021
2294 3784
7205 9283
2407 8382
4932 8476
121 8363
3237 8279
3973 9381
781 1586
4548 7650
2951 6393
153 5105
4231 1456
1891 8569
8709 4196
1100 1386
1057 9415
888 5871
2581 8970
8959 2864
5778 2770
6232 7696
5364 5158
6033 8314
8369 3869
7528 5708
3374 8998
3451 5113
3343 2438
8899 3162
4669 5600
6150 3556
2950 9036
7725 7873
5256 6721
5591 5547
708 9046
1896 5006
3821 6275
4554 2695
6750 4503
6585 4245
5488 5729
1784 9559
2040 6225
9328 6671
1714 934
6656 4663
3835 7591
7355 7527
4203 5018
5369 3465
1776 3474
9422 6327
4856 3079
4936 223
1464 4230
4703 893
6760 7498
7001 7758
3727 9977
6025 2812
1962 3377
3543 3660
5183 9458
9019 9660
7176 3640
3458 5721
4734 160
7353 309
7726 2151
776 2398
1281 7353
9791 7895
4622 6307
436 7523
548 404
9173 9381
3798 70
9242 7587
565 213
805 2083
3758 9943
2578 2530
660 2477
4888 6143
7596 535
2872 4718
8007 3825
4317 3192
6129 8680
6880 7365
1683 1638
4498 389
1512 473
4435 9010
5510 5357
3820 756
1892 6806
8465 1591
2054 4590
8992 1311
9332 8860
9821 6721
410 2682
3723 2727
7652 3345
1940 2946
6222 7231
2371 5713
6486 3991
2390 3455
6171 2848
1376 6259
8813 4798
7295 1188
9053 1883
9419 5343
3509 6202
2651 4351
8097 1275
2372 1093
9487 2624
7267 2937
9142 768
8767 5084
4462 8728
5991 7759
7256 6220
186 6780
1123 3946
4176 6237
3688 3438
3758 1139
9775 3466
7421 6828
6952 898
7843 7990
4631 9704
7149 7530
6050 5337
5100 5471
6133 2569
1873 6600
8336 5658
3869 7945
7452 7725
599 1029
8709 634
7915 674
2572 24
8971 6625
6129 6596
2043 6527
8083 4637
2191 4701
9626 8363
2595 5121
3338 2215
4999 2277
1256 9827
3732 6746
4124 2443
5410 8131
2177 636
4112 8298
7762 9945
2569 3159
1056 9208
4618 264
8408 5602
206 9066
106 4220
9732 878
5426 2843
3263 6678
961 6259
4241 7835
3477 1148
6283 9970
7702 2258
3307 8537
5654 1348
4061 3439
1357 9585
6828 141
4218 4937
5304 5966
5043 8251
5699 3711
6205 2312
5591 9685
8800 3050
3810 8200
2677 9769
8624 9861
5791 9167
7809 4766
2494 3176
927 6506
4330 9302
2092 8491
4671 4582
6740 5032
5461 9239
1910 1468
4830 4979
9073 9383
1236 9936
9689 9760
1985 719
6434 8681
1692 2469
7074 3940
4189 7359
9200 8102
3470 6837
3439 5779
9063 6547
4135 9781
41 4635
1314 9533
9490 1938
4791 6918
4583 9524
1567 222
1200 817
1460 7137
6095 3676
6315 4080
2761 3677
8729 1087
2187 495
7519 1067
8201 4586
8326 752
6765 6244
4165 6430
5387 3816
254 8864
4963 6505
1790 6631
5760 4573
6637 1919
6107 1621
6241 5452
9226 1485
8533 3106
474 7204
9269 4163
9343 2681
5363 6361
3131 9447
3667 1588
5371 9529
1254 4389
5340 8146
4286 549
2031 7553
1722 4097
9298 3647
798 6572
854 9825
184 4266
6877 4613
7490 3690
7362 7839
1781 6010
109 5504
5772 4528
5417 7235
5858 2114
1053 532
6001 1371
4528 132
8417 2782
2151 8525
9711 3120
5359 9128
5999 5524
9397 5602
2245 1582
9710 7420
6804 9822
657 2585
9842 1979
3669 3174
9715 4785
5257 8109
9970 2554
1818 7738
6950 8005
9141 7564
9671 6888
6753 5823
7552 5146
8925 5801
3780 5852
5783 241
8374 5051
5260 5863
3088 7952
8917 9929
2825 4213
7944 173
2195 5105
2460 6743
2811 8308
660 8222
88 3983
6890 784
4691 954
7000 160
5826 626
4882 4290
9684 1881
4246 4321
9023 4598
5125 5247
6353 4607
2446 1206
6138 6187
5316 8872
3506 326
3251 6259
4455 9312
2194 4960
7751 7201
3699 5410
9310 3620
913 504
3789 6048
9255 2724
7310 8086
2385 802
5361 4571
3638 547
9161 2712
7264 6700
2188 4368
7684 3351
2299 2708
9590 1442
2404 6273
4370 3085
9534 5296
3155 9546
8920 3214
1853 3429
7542 5180
5083 2318
372 5089
1567 5009
7753 5320
6679 3307
5972 5429
8194 6457
1368 3503
9020 4487
9089 4097
3461 1567
8821 9205
5850 4679
2674 2597
4985 6695
4633 392
1093 2264
1778 6144
9607 2959
8444 2792
711 5186
2070 9873
8252 5030
4575 6096
7534 5058
3981 1189
3286 1930
1791 9320
8970 4743
4708 2039
666 3722
7737 1019
3140 4654
8576 1670
9804 9292
7161 878
6118 3862
5508 9335
9762 7078
5468 8000
4539 3838
7755 2248
3040 4345
6741 9182
3123 9187
3974 1301
8592 1309
5022 5488
2411 8413
807 9926
2907 3956
8456 5585
3543 4941
8623 2846
26 5959
9599 7065
1657 7025
2843 3716
5526 4204
5178 2673
7189 4551
1531 3301
2533 7322
2494 1116
4271 4068
3442 6370
5620 9628
5199 3092
1440 4676
3110 5856
3250 7659
4967 7629
2406 7151
1311 325
1864 2444
7404 9286
6044 9022
3643 1321
3516 9012
1007 3975
4548 6611
1556 8471
1483 3373
4750 9849
7569 4524
4435 7728
853 1219
5944 7017
3324 7965
9006 6157
1085 1247
1804 8372
1931 4610
7386 689
5617 623
6147 9993
3367 1058
6940 8694
7577 3297
9843 3105
5355 9698
3795 830
6379 7909
3345 4356
3204 5067
7922 6035
8750 617
778 101
6443 2851
6306 1252
572 8009
3133 6687
9336 3980
260 1460
9624 5613
3271 5058
6097 9036
7468 4923
205 6984
3606 4762
1979 5405
7235 4514
9043 6460
5574 7855
7163 375
2005 2734
3085 8923
5894 4197
771 1794
7021 1953
6325 3626
7961 1236
6109 6105
8590 8453
4388 120
4902 2864
5868 8417
8837 1148
4736 1498
6720 2345
445 9434
8921 3114
6223 6459
3062 8537
5358 4688
9384 7475
736 2869
8681 289
5921 2070
2484 5094
8241 8855
223 308
5914 3802
7647 8723
1691 4182
7928 3920
296 6943
161 6597
4300 326
3535 9886
2900 2556
1748 6440
4658 6226
444 4124
8362 3800
6460 4254
5000 6497
5591 1335
174 6726
5997 9182
2423 9649
9621 1381
8003 7775
7409 8522
3117 5241
419 1204
8936 9785
6438 243
481 469
4424 7549
3644 2359
8653 4251
7606 7515
731 1835
2615 1524
4597 8035
6891 6647
8789 1785
8257 9516
2740 7501
2547 8484
8331 7263
8599 4107
1352 4959
1311 5259
8566 4238
5499 9085
5794 4295
519 1347
3717 1654
7817 8873
3525 5985
8958 8627
7199 5293
118 8157
8460 9780
5478 1284
9835 5563
4331 9504
5553 6976
5600 9373
4613 9703
8238 1887
2477 3930
817 9578
3179 1752
3961 793
1774 7646
4893 5988
1164 8044
5463 7368
8679 4402
8745 6061
5298 8402
8858 1720
9295 5403
7514 9053
6434 5744
6439 3277
6379 362
9765 1540
997 3393
3756 9804
8207 8982
8475 1267
7983 6476
4773 4536
9989 1459
4335 7555
2972 6176
8842 7070
8212 1630
7651 8459
885 191
3352 3089
6796 7911
7411 7307
8577 7189
54 9878
6411 2348
2588 1109
7175 7145
5129 4747
3453 3734
8330 6055
9426 3593
3987 9094
2046 2436
612 6670
5410 975
8416 2712
3515 8771
2868 4265
4265 972
5862 5456
9440 1352
7535 6732
2130 7542
8798 2486
6299 5477
397 2409
6443 6152
5378 8944
5865 1729
7260 5910
9917 2356
1507 9676
8427 6701
8593 2504
2451 3742
6564 1760
4485 7903
7756 3925
5724 1358
3073 5910
7233 2053
5208 9847
2839 1108
5708 2470
6113 9191
3182 1883
8715 8880
3693 4113
3824 4589
4354 14
2503 598
7938 7779
3848 4908
6285 8120
6859 5429
2747 2186
2752 767
5707 7925
660 5683
6926 8391
9855 6025
4760 3133
6486 8323
1536 6848
1301 8979
3188 8644
4327 6022
6101 1471
8970 5518
4637 6424
9366 4796
7756 8741
6610 1522
7239 9134
7018 7447
3974 8836
2822 8220
415 2706
7812 6919
3270 6223
5262 3284
2964 4479
4380 1641
2554 4087
9631 2725
6392 4958
9275 7285
5276 9981
884 1342
2243 305
8223 3295
9526 4837
898 2045
6518 841
6964 4897
7649 4299
6105 2395
3292 7977
8576 6159
4441 4039
4980 9295
6993 3976
4304 7317
4288 9722
4605 5503
4973 2315
7265 5881
2921 3045
8286 9427
50 2125
8394 9317
9251 6331
1292 9842
6485 198
532 3143
8361 5073
3388 3194
9324 7203
3498 5062
7034 5762
3094 2945
4764 7122
8410 6527
9487 73
1648 1864
9009 1938
2606 1971
2071 5538
2117 7348
2390 2261
4771 2650
93 9542
8099 2257
1202 4894
145 9423
8109 4553
6371 2013
5584 1292
1939 9807
5953 4673
6 1221
6128 1808
4821 5888
1826 383
3712 6642
6284 2226
153 1570
5106 7195
4461 8548
8620 1636
3030 5822
7227 1611
325 8793
4146 2470
53 6617
957 3843
426 5725
1750 5668
2279 7883
6534 3090
3363 9621
5677 3773
3229 6820
2265 8839
7143 9709
8523 1211
5671 1853
9586 4195
6645 1896
3590 5777
3906 8883
2506 1532
1277 6975
5957 581
5749 4621
5690 6802
2920 2038
6672 7699
7421 3188
2690 6326
2806 2947
1674 2403
951 4628
4505 9960
4529 3773
3395 4969
1680 6976
2041 7638
639 2377
6133 1812
7032 6083
6201 5999
3723 9759
6340 1063
2613 532
1914 6185
2653 2227
7783 3763
8543 7571
2214 7719
2383 2860
6994 2364
2429 5212
1297 136
3664 9139
8323 4106
8698 5162
9865 2974
5657 5633
7590 8420
8037 4844
5787 6545
7359 1917
4908 4951
886 4572
8728 1639
2823 7184
1610 8383
6524 1787
9313 4215
5959 7041
2296 3080
199 8531
3643 8011
9139 243
7303 425
6143 4843
6337 3306
7164 3712
3014 2156
3199 3404
9301 6561
6336 5249
9888 125
867 2702
7599 6905
9308 1122
4864 8808
8494 3821
3069 9397
954 9521
8132 6138
7662 4016
1922 4052
5946 1833
8007 5832
6620 5296
9866 8756
9780 7491
5584 4674
9532 1585
5874 2157
7727 3313
5666 2697
1523 3438
6808 1623
8889 262
9698 9338
3119 3839
6543 7679
5945 5571
8459 8793
6150 361
522 8723
2202 1855
4868 17
2090 6106
3210 330
1347 3089
8992 7145
5436 5697
3251 8802
2989 8154
381 8446
3825 7541
556 4780
9361 1358
2992 4662
6345 3748
4137 9569
796 1427
2167 3366
6950 9812
8014 6193
5271 6620
4225 6406
1810 4183
4254 3620
820 2157
4077 3539
4307 31
414 7536
6243 6537
9615 2250
4063 6870
8376 3852
4653 6758
6782 3845
5555 8766
7396 3470
9518 8309
6523 6473
7159 6603
1390 7621
1141 5703
682 8987
1993 1219
6262 1653
6350 3930
6186 1575
4594 1157
3593 4367
507 9316
9451 6018
381 3797
4713 8760
1185 9501
8435 3630
2596 3734
8250 228
4856 2499
9155 5495
9720 9160
5848 7867
3406 7601
8615 8175
7328 5965
9525 5112
2232 9235
7642 3600
7809 6022
2124 4986
501 1515
9541 4678
1913 7513
8643 7624
7027 1588
2235 1485
435 2342
7496 8460
9836 2850
3140 1562
8903 7546
5199 3297
6830 7707
3662 6611
8832 5982
4655 8021
2837 5324
6171 6374
881 1854
8383 6371
9690 2013
341 2820
2813 3928
9712 208
6139 3821
2812 1250
2549 1449
1790 1211
1695 3500
1487 7127
3676 7054
3259 3152
8216 2840
7386 4271
2307 1756
3698 4273
4739 6242
348 5215
1616 1938
7385 8694
1661 6514
2108 7018
9295 7442
5147 5417
8884 1640
5419 105
6692 5918
9667 8591
1799 2208
9824 3939
1812 9435
7727 7667
2814 4730
3772 4973
8986 5083
6677 29
6938 2363
5563 9654
1295 9160
1726 8042
8744 4710
2383 808
1641 2902
5162 8571
8242 8646
5165 4760
2384 9
9987 9116
242 1969
8131 3198
6808 3189
998 9723
9289 889
2542 1500
1926 7165
669 1881
5665 3753
2830 3644
514 6451
7781 6544
5047 47
4639 1163
409 5321
451 6204
6963 1293
3765 9903
2286 7787
7449 6399
353 569
9926 6257
8916 7952
1019 6358
2578 8178
2797 6364
6567 1642
3942 5874
7663 8015
8166 3619
8068 1320
6 8678
9507 7859
4851 1362
2349 1069
4031 3560
1721 350
8883 4839
1630 5774
2022 2003
7507 5627
3877 5428
1496 1067
541 4990
360 4646
2992 8360
8366 1550
1677 4808
6244 4030
7016 6914
911 3866
19 7446
3009 3049
6024 6657
2672 2665
3627 7887
944 8067
4508 4513
3994 1862
1562 9322
8832 6175
5987 8786
939 3229
4340 7494
5638 3287
5109 5373
9015 5840
1989 2488
5653 8638
2328 4595
8048 5862
7455 6900
7296 3064
9432 6803
7781 8693
2923 4661
7286 2251
1993 6678
3166 6529
9494 3509
2516 4228
4288 7816
6284 9900
4254 7755
4047 9322
3715 7298
7324 5798
2671 5671
8904 8265
8022 8160
3100 2126
9510 3644
5773 7300
6190 5255
7885 5676
6746 123
8620 4772
7379 3134
2982 713
2484 5574
5625 6704
3582 319
8485 8566
709 8980
3029 5357
7225 1458
3826 6132
1551 7822
7891 9452
6550 3652
7515 6656
9914 7900
8063 7908
3321 7048
8958 2583
6889 2486
8974 6117
3362 3454
7911 2998
9294 630
8443 8318
646 3011
4074 9976
8648 2675
4612 7870
2438 6205
4967 8198
4502 5089
8528 5139
1535 3213
668 7681
8009 7160
2247 3061
9891 4185
2773 5355
7509 5643
143 4200
2718 3990
8869 4525
1360 3797
6550 4070
6061 138
8157 6331
6024 4979
7405 1499
1175 9432
1577 1524
7886 760
4844 1582
6820 115
2751 2128
6983 3960
6618 5432
3465 5029
4833 8201
7260 555
8648 7425
5145 7741
4830 3883
7889 5325
9688 5234
6628 1960
9718 2440
1544 9224
6340 649
3868 5174
2167 1368
1955 6778
2511 2266
8635 3190
6133 5289
7512 488
7257 1734
9537 4849
8864 3826
1215 7031
5794 934
3049 2974
8563 9298
5959 6417
1454 1395
4482 2626
5200 4221
8807 6233
361 1092
1567 5346
6749 7711
5157 1008
1272 9643
8508 6483
5228 352
8712 6681
5674 8257
9731 7803
1197 4645
3815 398
1330 1414
9312 8365
215 9168
2287 6655
9299 5601
3567 6947
9530 8027
9425 4324
2749 5678
5436 9301
9207 9708
3862 3317
5985 9513
9074 6663
9107 6344
4735 3596
4015 579
4934 4564
9661 4567
8354 2140
9026 9401
4598 7706
1015 7127
1255 4276
6773 7812
3556 7493
9828 1450
7547 4417
5597 5706
8581 3046
2701 7598
7601 7891
4701 4530
8408 1342
1969 3853
5663 6298
7353 71
9165 8335
5534 9239
1032 3187
234 6529
1920 1192
9280 1254
2486 9268
6107 9211
7389 3054
5771 9641
3277 5171
362 6066
8797 8793
9144 8293
8731 4542
9429 6206
7954 681
1057 7469
3534 2578
6875 9039
2306 2033
6510 2363
5374 2307
8728 7819
8519 6629
6803 3698
9815 3061
3169 1014
6239 5713
8932 2884
1543 8441
3187 6820
9799 1288
7936 9320
4834 3879
