n 10:

k 1:
m 2:
{ 0 1 2 3 4 5 6 8 }     1111111010
{ 0 1 2 3 4 5 7 8 }     1111110110
{ 0 1 2 3 4 5 7 9 }     1111110101
{ 0 1 2 3 4 6 7 8 }     1111101110
{ 0 1 2 3 4 6 7 9 }     1111101101
{ 0 1 2 3 4 6 8 9 }     1111101011
{ 0 1 2 3 5 6 7 8 }     1111011110
{ 0 1 2 3 5 6 7 9 }     1111011101
{ 0 1 2 3 5 6 8 9 }     1111011011
{ 0 1 2 3 5 7 8 9 }     1111010111
{ 0 1 2 4 5 6 7 8 }     1110111110
{ 0 1 2 4 5 6 7 9 }     1110111101
{ 0 1 2 4 5 6 8 9 }     1110111011
{ 0 1 2 4 5 7 8 9 }     1110110111
{ 0 1 2 4 6 7 8 9 }     1110101111
{ 0 1 3 4 5 6 7 8 }     1101111110
{ 0 1 3 4 5 6 7 9 }     1101111101
{ 0 1 3 4 5 6 8 9 }     1101111011
{ 0 1 3 4 5 7 8 9 }     1101110111
{ 0 1 3 4 6 7 8 9 }     1101101111
{ 0 1 3 5 6 7 8 9 }     1101011111
{ 0 2 3 4 5 6 7 8 }     1011111110
{ 0 2 3 4 5 6 7 9 }     1011111101
{ 0 2 3 4 5 6 8 9 }     1011111011
{ 0 2 3 4 5 7 8 9 }     1011110111
{ 0 2 3 4 6 7 8 9 }     1011101111
{ 0 2 3 5 6 7 8 9 }     1011011111
{ 0 2 4 5 6 7 8 9 }     1010111111
{ 1 2 3 4 5 6 7 8 }     0111111110
{ 1 2 3 4 5 6 7 9 }     0111111101
{ 1 2 3 4 5 6 8 9 }     0111111011
{ 1 2 3 4 5 7 8 9 }     0111110111
{ 1 2 3 4 6 7 8 9 }     0111101111
{ 1 2 3 5 6 7 8 9 }     0111011111
{ 1 2 4 5 6 7 8 9 }     0110111111
{ 1 3 4 5 6 7 8 9 }     0101111111
size 36
m 4:
{ 0 1 2 3 4 6 }         1111101000
{ 0 1 2 3 4 7 }         1111100100
{ 0 1 2 3 4 8 }         1111100010
{ 0 1 2 3 5 6 }         1111011000
{ 0 1 2 3 5 7 }         1111010100
{ 0 1 2 3 5 8 }         1111010010
{ 0 1 2 3 5 9 }         1111010001
{ 0 1 2 3 6 7 }         1111001100
{ 0 1 2 3 6 8 }         1111001010
{ 0 1 2 3 6 9 }         1111001001
{ 0 1 2 3 7 8 }         1111000110
{ 0 1 2 3 7 9 }         1111000101
{ 0 1 2 4 5 6 }         1110111000
{ 0 1 2 4 5 7 }         1110110100
{ 0 1 2 4 5 8 }         1110110010
{ 0 1 2 4 5 9 }         1110110001
{ 0 1 2 4 6 7 }         1110101100
{ 0 1 2 4 6 8 }         1110101010
{ 0 1 2 4 6 9 }         1110101001
{ 0 1 2 4 7 8 }         1110100110
{ 0 1 2 4 7 9 }         1110100101
{ 0 1 2 4 8 9 }         1110100011
{ 0 1 2 5 6 7 }         1110011100
{ 0 1 2 5 6 8 }         1110011010
{ 0 1 2 5 6 9 }         1110011001
{ 0 1 2 5 7 8 }         1110010110
{ 0 1 2 5 7 9 }         1110010101
{ 0 1 2 5 8 9 }         1110010011
{ 0 1 2 6 7 8 }         1110001110
{ 0 1 2 6 7 9 }         1110001101
{ 0 1 2 6 8 9 }         1110001011
{ 0 1 3 4 5 6 }         1101111000
{ 0 1 3 4 5 7 }         1101110100
{ 0 1 3 4 5 8 }         1101110010
{ 0 1 3 4 5 9 }         1101110001
{ 0 1 3 4 6 7 }         1101101100
{ 0 1 3 4 6 8 }         1101101010
{ 0 1 3 4 6 9 }         1101101001
{ 0 1 3 4 7 8 }         1101100110
{ 0 1 3 4 7 9 }         1101100101
{ 0 1 3 4 8 9 }         1101100011
{ 0 1 3 5 6 7 }         1101011100
{ 0 1 3 5 6 8 }         1101011010
{ 0 1 3 5 6 9 }         1101011001
{ 0 1 3 5 7 8 }         1101010110
{ 0 1 3 5 7 9 }         1101010101
{ 0 1 3 5 8 9 }         1101010011
{ 0 1 3 6 7 8 }         1101001110
{ 0 1 3 6 7 9 }         1101001101
{ 0 1 3 6 8 9 }         1101001011
{ 0 1 3 7 8 9 }         1101000111
{ 0 1 4 5 6 7 }         1100111100
{ 0 1 4 5 6 8 }         1100111010
{ 0 1 4 5 6 9 }         1100111001
{ 0 1 4 5 7 8 }         1100110110
{ 0 1 4 5 7 9 }         1100110101
{ 0 1 4 5 8 9 }         1100110011
{ 0 1 4 6 7 8 }         1100101110
{ 0 1 4 6 7 9 }         1100101101
{ 0 1 4 6 8 9 }         1100101011
{ 0 1 4 7 8 9 }         1100100111
{ 0 1 5 6 7 8 }         1100011110
{ 0 1 5 6 7 9 }         1100011101
{ 0 1 5 6 8 9 }         1100011011
{ 0 1 5 7 8 9 }         1100010111
{ 0 2 3 4 5 6 }         1011111000
{ 0 2 3 4 5 7 }         1011110100
{ 0 2 3 4 5 8 }         1011110010
{ 0 2 3 4 5 9 }         1011110001
{ 0 2 3 4 6 7 }         1011101100
{ 0 2 3 4 6 8 }         1011101010
{ 0 2 3 4 6 9 }         1011101001
{ 0 2 3 4 7 8 }         1011100110
{ 0 2 3 4 7 9 }         1011100101
{ 0 2 3 4 8 9 }         1011100011
{ 0 2 3 5 6 7 }         1011011100
{ 0 2 3 5 6 8 }         1011011010
{ 0 2 3 5 6 9 }         1011011001
{ 0 2 3 5 7 8 }         1011010110
{ 0 2 3 5 7 9 }         1011010101
{ 0 2 3 5 8 9 }         1011010011
{ 0 2 3 6 7 8 }         1011001110
{ 0 2 3 6 7 9 }         1011001101
{ 0 2 3 6 8 9 }         1011001011
{ 0 2 3 7 8 9 }         1011000111
{ 0 2 4 5 6 7 }         1010111100
{ 0 2 4 5 6 8 }         1010111010
{ 0 2 4 5 6 9 }         1010111001
{ 0 2 4 5 7 8 }         1010110110
{ 0 2 4 5 7 9 }         1010110101
{ 0 2 4 5 8 9 }         1010110011
{ 0 2 4 6 7 8 }         1010101110
{ 0 2 4 6 7 9 }         1010101101
{ 0 2 4 6 8 9 }         1010101011
{ 0 2 4 7 8 9 }         1010100111
{ 0 2 5 6 7 8 }         1010011110
{ 0 2 5 6 7 9 }         1010011101
{ 0 2 5 6 8 9 }         1010011011
{ 0 2 5 7 8 9 }         1010010111
{ 0 2 6 7 8 9 }         1010001111
{ 0 3 4 5 6 7 }         1001111100
{ 0 3 4 5 6 8 }         1001111010
{ 0 3 4 5 6 9 }         1001111001
{ 0 3 4 5 7 8 }         1001110110
{ 0 3 4 5 7 9 }         1001110101
{ 0 3 4 5 8 9 }         1001110011
{ 0 3 4 6 7 8 }         1001101110
{ 0 3 4 6 7 9 }         1001101101
{ 0 3 4 6 8 9 }         1001101011
{ 0 3 4 7 8 9 }         1001100111
{ 0 3 5 6 7 8 }         1001011110
{ 0 3 5 6 7 9 }         1001011101
{ 0 3 5 6 8 9 }         1001011011
{ 0 3 5 7 8 9 }         1001010111
{ 0 3 6 7 8 9 }         1001001111
{ 0 4 5 6 7 8 }         1000111110
{ 0 4 5 6 7 9 }         1000111101
{ 0 4 5 6 8 9 }         1000111011
{ 0 4 5 7 8 9 }         1000110111
{ 0 4 6 7 8 9 }         1000101111
{ 1 2 3 4 5 6 }         0111111000
{ 1 2 3 4 5 7 }         0111110100
{ 1 2 3 4 5 8 }         0111110010
{ 1 2 3 4 5 9 }         0111110001
{ 1 2 3 4 6 7 }         0111101100
{ 1 2 3 4 6 8 }         0111101010
{ 1 2 3 4 6 9 }         0111101001
{ 1 2 3 4 7 8 }         0111100110
{ 1 2 3 4 7 9 }         0111100101
{ 1 2 3 4 8 9 }         0111100011
{ 1 2 3 5 6 7 }         0111011100
{ 1 2 3 5 6 8 }         0111011010
{ 1 2 3 5 6 9 }         0111011001
{ 1 2 3 5 7 8 }         0111010110
{ 1 2 3 5 7 9 }         0111010101
{ 1 2 3 5 8 9 }         0111010011
{ 1 2 3 6 7 8 }         0111001110
{ 1 2 3 6 7 9 }         0111001101
{ 1 2 3 6 8 9 }         0111001011
{ 1 2 3 7 8 9 }         0111000111
{ 1 2 4 5 6 7 }         0110111100
{ 1 2 4 5 6 8 }         0110111010
{ 1 2 4 5 6 9 }         0110111001
{ 1 2 4 5 7 8 }         0110110110
{ 1 2 4 5 7 9 }         0110110101
{ 1 2 4 5 8 9 }         0110110011
{ 1 2 4 6 7 8 }         0110101110
{ 1 2 4 6 7 9 }         0110101101
{ 1 2 4 6 8 9 }         0110101011
{ 1 2 4 7 8 9 }         0110100111
{ 1 2 5 6 7 8 }         0110011110
{ 1 2 5 6 7 9 }         0110011101
{ 1 2 5 6 8 9 }         0110011011
{ 1 2 5 7 8 9 }         0110010111
{ 1 2 6 7 8 9 }         0110001111
{ 1 3 4 5 6 7 }         0101111100
{ 1 3 4 5 6 8 }         0101111010
{ 1 3 4 5 6 9 }         0101111001
{ 1 3 4 5 7 8 }         0101110110
{ 1 3 4 5 7 9 }         0101110101
{ 1 3 4 5 8 9 }         0101110011
{ 1 3 4 6 7 8 }         0101101110
{ 1 3 4 6 7 9 }         0101101101
{ 1 3 4 6 8 9 }         0101101011
{ 1 3 4 7 8 9 }         0101100111
{ 1 3 5 6 7 8 }         0101011110
{ 1 3 5 6 7 9 }         0101011101
{ 1 3 5 6 8 9 }         0101011011
{ 1 3 5 7 8 9 }         0101010111
{ 1 3 6 7 8 9 }         0101001111
{ 1 4 5 6 7 8 }         0100111110
{ 1 4 5 6 7 9 }         0100111101
{ 1 4 5 6 8 9 }         0100111011
{ 1 4 5 7 8 9 }         0100110111
{ 1 4 6 7 8 9 }         0100101111
{ 1 5 6 7 8 9 }         0100011111
{ 2 3 4 5 6 7 }         0011111100
{ 2 3 4 5 6 8 }         0011111010
{ 2 3 4 5 6 9 }         0011111001
{ 2 3 4 5 7 8 }         0011110110
{ 2 3 4 5 7 9 }         0011110101
{ 2 3 4 5 8 9 }         0011110011
{ 2 3 4 6 7 8 }         0011101110
{ 2 3 4 6 7 9 }         0011101101
{ 2 3 4 6 8 9 }         0011101011
{ 2 3 4 7 8 9 }         0011100111
{ 2 3 5 6 7 8 }         0011011110
{ 2 3 5 6 7 9 }         0011011101
{ 2 3 5 6 8 9 }         0011011011
{ 2 3 5 7 8 9 }         0011010111
{ 2 3 6 7 8 9 }         0011001111
{ 2 4 5 6 7 8 }         0010111110
{ 2 4 5 6 7 9 }         0010111101
{ 2 4 5 6 8 9 }         0010111011
{ 2 4 5 7 8 9 }         0010110111
{ 2 4 6 7 8 9 }         0010101111
{ 2 5 6 7 8 9 }         0010011111
{ 3 4 5 6 7 8 }         0001111110
{ 3 4 5 6 7 9 }         0001111101
{ 3 4 5 6 8 9 }         0001111011
{ 3 4 5 7 8 9 }         0001110111
{ 3 4 6 7 8 9 }         0001101111
{ 3 5 6 7 8 9 }         0001011111
size 203
m 6:
{ 0 1 2 4 }             1110100000
{ 0 1 2 5 }             1110010000
{ 0 1 2 6 }             1110001000
{ 0 1 2 7 }             1110000100
{ 0 1 2 8 }             1110000010
{ 0 1 3 4 }             1101100000
{ 0 1 3 5 }             1101010000
{ 0 1 3 6 }             1101001000
{ 0 1 3 7 }             1101000100
{ 0 1 3 8 }             1101000010
{ 0 1 3 9 }             1101000001
{ 0 1 4 5 }             1100110000
{ 0 1 4 6 }             1100101000
{ 0 1 4 7 }             1100100100
{ 0 1 4 8 }             1100100010
{ 0 1 4 9 }             1100100001
{ 0 1 5 6 }             1100011000
{ 0 1 5 7 }             1100010100
{ 0 1 5 8 }             1100010010
{ 0 1 5 9 }             1100010001
{ 0 1 6 7 }             1100001100
{ 0 1 6 8 }             1100001010
{ 0 1 6 9 }             1100001001
{ 0 1 7 8 }             1100000110
{ 0 1 7 9 }             1100000101
{ 0 2 3 4 }             1011100000
{ 0 2 3 5 }             1011010000
{ 0 2 3 6 }             1011001000
{ 0 2 3 7 }             1011000100
{ 0 2 3 8 }             1011000010
{ 0 2 3 9 }             1011000001
{ 0 2 4 5 }             1010110000
{ 0 2 4 6 }             1010101000
{ 0 2 4 7 }             1010100100
{ 0 2 4 8 }             1010100010
{ 0 2 4 9 }             1010100001
{ 0 2 5 6 }             1010011000
{ 0 2 5 7 }             1010010100
{ 0 2 5 8 }             1010010010
{ 0 2 5 9 }             1010010001
{ 0 2 6 7 }             1010001100
{ 0 2 6 8 }             1010001010
{ 0 2 6 9 }             1010001001
{ 0 2 7 8 }             1010000110
{ 0 2 7 9 }             1010000101
{ 0 2 8 9 }             1010000011
{ 0 3 4 5 }             1001110000
{ 0 3 4 6 }             1001101000
{ 0 3 4 7 }             1001100100
{ 0 3 4 8 }             1001100010
{ 0 3 4 9 }             1001100001
{ 0 3 5 6 }             1001011000
{ 0 3 5 7 }             1001010100
{ 0 3 5 8 }             1001010010
{ 0 3 5 9 }             1001010001
{ 0 3 6 7 }             1001001100
{ 0 3 6 8 }             1001001010
{ 0 3 6 9 }             1001001001
{ 0 3 7 8 }             1001000110
{ 0 3 7 9 }             1001000101
{ 0 3 8 9 }             1001000011
{ 0 4 5 6 }             1000111000
{ 0 4 5 7 }             1000110100
{ 0 4 5 8 }             1000110010
{ 0 4 5 9 }             1000110001
{ 0 4 6 7 }             1000101100
{ 0 4 6 8 }             1000101010
{ 0 4 6 9 }             1000101001
{ 0 4 7 8 }             1000100110
{ 0 4 7 9 }             1000100101
{ 0 4 8 9 }             1000100011
{ 0 5 6 7 }             1000011100
{ 0 5 6 8 }             1000011010
{ 0 5 6 9 }             1000011001
{ 0 5 7 8 }             1000010110
{ 0 5 7 9 }             1000010101
{ 0 5 8 9 }             1000010011
{ 0 6 7 8 }             1000001110
{ 0 6 7 9 }             1000001101
{ 0 6 8 9 }             1000001011
{ 1 2 3 4 }             0111100000
{ 1 2 3 5 }             0111010000
{ 1 2 3 6 }             0111001000
{ 1 2 3 7 }             0111000100
{ 1 2 3 8 }             0111000010
{ 1 2 3 9 }             0111000001
{ 1 2 4 5 }             0110110000
{ 1 2 4 6 }             0110101000
{ 1 2 4 7 }             0110100100
{ 1 2 4 8 }             0110100010
{ 1 2 4 9 }             0110100001
{ 1 2 5 6 }             0110011000
{ 1 2 5 7 }             0110010100
{ 1 2 5 8 }             0110010010
{ 1 2 5 9 }             0110010001
{ 1 2 6 7 }             0110001100
{ 1 2 6 8 }             0110001010
{ 1 2 6 9 }             0110001001
{ 1 2 7 8 }             0110000110
{ 1 2 7 9 }             0110000101
{ 1 2 8 9 }             0110000011
{ 1 3 4 5 }             0101110000
{ 1 3 4 6 }             0101101000
{ 1 3 4 7 }             0101100100
{ 1 3 4 8 }             0101100010
{ 1 3 4 9 }             0101100001
{ 1 3 5 6 }             0101011000
{ 1 3 5 7 }             0101010100
{ 1 3 5 8 }             0101010010
{ 1 3 5 9 }             0101010001
{ 1 3 6 7 }             0101001100
{ 1 3 6 8 }             0101001010
{ 1 3 6 9 }             0101001001
{ 1 3 7 8 }             0101000110
{ 1 3 7 9 }             0101000101
{ 1 3 8 9 }             0101000011
{ 1 4 5 6 }             0100111000
{ 1 4 5 7 }             0100110100
{ 1 4 5 8 }             0100110010
{ 1 4 5 9 }             0100110001
{ 1 4 6 7 }             0100101100
{ 1 4 6 8 }             0100101010
{ 1 4 6 9 }             0100101001
{ 1 4 7 8 }             0100100110
{ 1 4 7 9 }             0100100101
{ 1 4 8 9 }             0100100011
{ 1 5 6 7 }             0100011100
{ 1 5 6 8 }             0100011010
{ 1 5 6 9 }             0100011001
{ 1 5 7 8 }             0100010110
{ 1 5 7 9 }             0100010101
{ 1 5 8 9 }             0100010011
{ 1 6 7 8 }             0100001110
{ 1 6 7 9 }             0100001101
{ 1 6 8 9 }             0100001011
{ 1 7 8 9 }             0100000111
{ 2 3 4 5 }             0011110000
{ 2 3 4 6 }             0011101000
{ 2 3 4 7 }             0011100100
{ 2 3 4 8 }             0011100010
{ 2 3 4 9 }             0011100001
{ 2 3 5 6 }             0011011000
{ 2 3 5 7 }             0011010100
{ 2 3 5 8 }             0011010010
{ 2 3 5 9 }             0011010001
{ 2 3 6 7 }             0011001100
{ 2 3 6 8 }             0011001010
{ 2 3 6 9 }             0011001001
{ 2 3 7 8 }             0011000110
{ 2 3 7 9 }             0011000101
{ 2 3 8 9 }             0011000011
{ 2 4 5 6 }             0010111000
{ 2 4 5 7 }             0010110100
{ 2 4 5 8 }             0010110010
{ 2 4 5 9 }             0010110001
{ 2 4 6 7 }             0010101100
{ 2 4 6 8 }             0010101010
{ 2 4 6 9 }             0010101001
{ 2 4 7 8 }             0010100110
{ 2 4 7 9 }             0010100101
{ 2 4 8 9 }             0010100011
{ 2 5 6 7 }             0010011100
{ 2 5 6 8 }             0010011010
{ 2 5 6 9 }             0010011001
{ 2 5 7 8 }             0010010110
{ 2 5 7 9 }             0010010101
{ 2 5 8 9 }             0010010011
{ 2 6 7 8 }             0010001110
{ 2 6 7 9 }             0010001101
{ 2 6 8 9 }             0010001011
{ 2 7 8 9 }             0010000111
{ 3 4 5 6 }             0001111000
{ 3 4 5 7 }             0001110100
{ 3 4 5 8 }             0001110010
{ 3 4 5 9 }             0001110001
{ 3 4 6 7 }             0001101100
{ 3 4 6 8 }             0001101010
{ 3 4 6 9 }             0001101001
{ 3 4 7 8 }             0001100110
{ 3 4 7 9 }             0001100101
{ 3 4 8 9 }             0001100011
{ 3 5 6 7 }             0001011100
{ 3 5 6 8 }             0001011010
{ 3 5 6 9 }             0001011001
{ 3 5 7 8 }             0001010110
{ 3 5 7 9 }             0001010101
{ 3 5 8 9 }             0001010011
{ 3 6 7 8 }             0001001110
{ 3 6 7 9 }             0001001101
{ 3 6 8 9 }             0001001011
{ 3 7 8 9 }             0001000111
{ 4 5 6 7 }             0000111100
{ 4 5 6 8 }             0000111010
{ 4 5 6 9 }             0000111001
{ 4 5 7 8 }             0000110110
{ 4 5 7 9 }             0000110101
{ 4 5 8 9 }             0000110011
{ 4 6 7 8 }             0000101110
{ 4 6 7 9 }             0000101101
{ 4 6 8 9 }             0000101011
{ 4 7 8 9 }             0000100111
{ 5 6 7 8 }             0000011110
{ 5 6 7 9 }             0000011101
{ 5 6 8 9 }             0000011011
{ 5 7 8 9 }             0000010111
size 205
m 8:
{ 0 2 }                 1010000000
{ 0 3 }                 1001000000
{ 0 4 }                 1000100000
{ 0 5 }                 1000010000
{ 0 6 }                 1000001000
{ 0 7 }                 1000000100
{ 0 8 }                 1000000010
{ 1 2 }                 0110000000
{ 1 3 }                 0101000000
{ 1 4 }                 0100100000
{ 1 5 }                 0100010000
{ 1 6 }                 0100001000
{ 1 7 }                 0100000100
{ 1 8 }                 0100000010
{ 1 9 }                 0100000001
{ 2 3 }                 0011000000
{ 2 4 }                 0010100000
{ 2 5 }                 0010010000
{ 2 6 }                 0010001000
{ 2 7 }                 0010000100
{ 2 8 }                 0010000010
{ 2 9 }                 0010000001
{ 3 4 }                 0001100000
{ 3 5 }                 0001010000
{ 3 6 }                 0001001000
{ 3 7 }                 0001000100
{ 3 8 }                 0001000010
{ 3 9 }                 0001000001
{ 4 5 }                 0000110000
{ 4 6 }                 0000101000
{ 4 7 }                 0000100100
{ 4 8 }                 0000100010
{ 4 9 }                 0000100001
{ 5 6 }                 0000011000
{ 5 7 }                 0000010100
{ 5 8 }                 0000010010
{ 5 9 }                 0000010001
{ 6 7 }                 0000001100
{ 6 8 }                 0000001010
{ 6 9 }                 0000001001
{ 7 8 }                 0000000110
{ 7 9 }                 0000000101
size 42
sum 486

k 2:
m 4:
{ 0 1 2 3 4 7 }         1111100100
{ 0 1 2 3 5 7 }         1111010100
{ 0 1 2 3 6 7 }         1111001100
{ 0 1 2 3 6 8 }         1111001010
{ 0 1 2 3 6 9 }         1111001001
{ 0 1 2 4 5 7 }         1110110100
{ 0 1 2 4 6 7 }         1110101100
{ 0 1 2 4 6 8 }         1110101010
{ 0 1 2 4 6 9 }         1110101001
{ 0 1 2 5 6 7 }         1110011100
{ 0 1 2 5 6 8 }         1110011010
{ 0 1 2 5 6 9 }         1110011001
{ 0 1 2 5 7 8 }         1110010110
{ 0 1 2 5 7 9 }         1110010101
{ 0 1 2 5 8 9 }         1110010011
{ 0 1 3 4 5 7 }         1101110100
{ 0 1 3 4 6 7 }         1101101100
{ 0 1 3 4 6 8 }         1101101010
{ 0 1 3 4 6 9 }         1101101001
{ 0 1 3 5 6 7 }         1101011100
{ 0 1 3 5 6 8 }         1101011010
{ 0 1 3 5 6 9 }         1101011001
{ 0 1 3 5 7 8 }         1101010110
{ 0 1 3 5 7 9 }         1101010101
{ 0 1 3 5 8 9 }         1101010011
{ 0 1 4 5 6 7 }         1100111100
{ 0 1 4 5 6 8 }         1100111010
{ 0 1 4 5 6 9 }         1100111001
{ 0 1 4 5 7 8 }         1100110110
{ 0 1 4 5 7 9 }         1100110101
{ 0 1 4 5 8 9 }         1100110011
{ 0 1 4 6 7 8 }         1100101110
{ 0 1 4 6 7 9 }         1100101101
{ 0 1 4 6 8 9 }         1100101011
{ 0 1 4 7 8 9 }         1100100111
{ 0 2 3 4 5 7 }         1011110100
{ 0 2 3 4 6 7 }         1011101100
{ 0 2 3 4 6 8 }         1011101010
{ 0 2 3 4 6 9 }         1011101001
{ 0 2 3 5 6 7 }         1011011100
{ 0 2 3 5 6 8 }         1011011010
{ 0 2 3 5 6 9 }         1011011001
{ 0 2 3 5 7 8 }         1011010110
{ 0 2 3 5 7 9 }         1011010101
{ 0 2 3 5 8 9 }         1011010011
{ 0 2 4 5 6 7 }         1010111100
{ 0 2 4 5 6 8 }         1010111010
{ 0 2 4 5 6 9 }         1010111001
{ 0 2 4 5 7 8 }         1010110110
{ 0 2 4 5 7 9 }         1010110101
{ 0 2 4 5 8 9 }         1010110011
{ 0 2 4 6 7 8 }         1010101110
{ 0 2 4 6 7 9 }         1010101101
{ 0 2 4 6 8 9 }         1010101011
{ 0 2 4 7 8 9 }         1010100111
{ 0 3 4 5 6 7 }         1001111100
{ 0 3 4 5 6 8 }         1001111010
{ 0 3 4 5 6 9 }         1001111001
{ 0 3 4 5 7 8 }         1001110110
{ 0 3 4 5 7 9 }         1001110101
{ 0 3 4 5 8 9 }         1001110011
{ 0 3 4 6 7 8 }         1001101110
{ 0 3 4 6 7 9 }         1001101101
{ 0 3 4 6 8 9 }         1001101011
{ 0 3 4 7 8 9 }         1001100111
{ 0 3 5 6 7 8 }         1001011110
{ 0 3 5 6 7 9 }         1001011101
{ 0 3 5 6 8 9 }         1001011011
{ 0 3 5 7 8 9 }         1001010111
{ 0 3 6 7 8 9 }         1001001111
{ 1 2 3 4 5 7 }         0111110100
{ 1 2 3 4 6 7 }         0111101100
{ 1 2 3 4 6 8 }         0111101010
{ 1 2 3 4 6 9 }         0111101001
{ 1 2 3 5 6 7 }         0111011100
{ 1 2 3 5 6 8 }         0111011010
{ 1 2 3 5 6 9 }         0111011001
{ 1 2 3 5 7 8 }         0111010110
{ 1 2 3 5 7 9 }         0111010101
{ 1 2 3 5 8 9 }         0111010011
{ 1 2 4 5 6 7 }         0110111100
{ 1 2 4 5 6 8 }         0110111010
{ 1 2 4 5 6 9 }         0110111001
{ 1 2 4 5 7 8 }         0110110110
{ 1 2 4 5 7 9 }         0110110101
{ 1 2 4 5 8 9 }         0110110011
{ 1 2 4 6 7 8 }         0110101110
{ 1 2 4 6 7 9 }         0110101101
{ 1 2 4 6 8 9 }         0110101011
{ 1 2 4 7 8 9 }         0110100111
{ 1 3 4 5 6 7 }         0101111100
{ 1 3 4 5 6 8 }         0101111010
{ 1 3 4 5 6 9 }         0101111001
{ 1 3 4 5 7 8 }         0101110110
{ 1 3 4 5 7 9 }         0101110101
{ 1 3 4 5 8 9 }         0101110011
{ 1 3 4 6 7 8 }         0101101110
{ 1 3 4 6 7 9 }         0101101101
{ 1 3 4 6 8 9 }         0101101011
{ 1 3 4 7 8 9 }         0101100111
{ 1 3 5 6 7 8 }         0101011110
{ 1 3 5 6 7 9 }         0101011101
{ 1 3 5 6 8 9 }         0101011011
{ 1 3 5 7 8 9 }         0101010111
{ 1 3 6 7 8 9 }         0101001111
{ 2 3 4 5 6 7 }         0011111100
{ 2 3 4 5 6 8 }         0011111010
{ 2 3 4 5 6 9 }         0011111001
{ 2 3 4 5 7 8 }         0011110110
{ 2 3 4 5 7 9 }         0011110101
{ 2 3 4 5 8 9 }         0011110011
{ 2 3 4 6 7 8 }         0011101110
{ 2 3 4 6 7 9 }         0011101101
{ 2 3 4 6 8 9 }         0011101011
{ 2 3 4 7 8 9 }         0011100111
{ 2 3 5 6 7 8 }         0011011110
{ 2 3 5 6 7 9 }         0011011101
{ 2 3 5 6 8 9 }         0011011011
{ 2 3 5 7 8 9 }         0011010111
{ 2 3 6 7 8 9 }         0011001111
{ 2 4 5 6 7 8 }         0010111110
{ 2 4 5 6 7 9 }         0010111101
{ 2 4 5 6 8 9 }         0010111011
{ 2 4 5 7 8 9 }         0010110111
{ 2 4 6 7 8 9 }         0010101111
{ 2 5 6 7 8 9 }         0010011111
size 126
m 8:
{ 0 3 }                 1001000000
{ 0 4 }                 1000100000
{ 0 5 }                 1000010000
{ 0 6 }                 1000001000
{ 0 7 }                 1000000100
{ 1 3 }                 0101000000
{ 1 4 }                 0100100000
{ 1 5 }                 0100010000
{ 1 6 }                 0100001000
{ 1 7 }                 0100000100
{ 2 3 }                 0011000000
{ 2 4 }                 0010100000
{ 2 5 }                 0010010000
{ 2 6 }                 0010001000
{ 2 7 }                 0010000100
{ 2 8 }                 0010000010
{ 2 9 }                 0010000001
{ 3 4 }                 0001100000
{ 3 5 }                 0001010000
{ 3 6 }                 0001001000
{ 3 7 }                 0001000100
{ 3 8 }                 0001000010
{ 3 9 }                 0001000001
{ 4 5 }                 0000110000
{ 4 6 }                 0000101000
{ 4 7 }                 0000100100
{ 4 8 }                 0000100010
{ 4 9 }                 0000100001
{ 5 6 }                 0000011000
{ 5 7 }                 0000010100
{ 5 8 }                 0000010010
{ 5 9 }                 0000010001
{ 6 7 }                 0000001100
{ 6 8 }                 0000001010
{ 6 9 }                 0000001001
size 35
sum 161

k 3:
m 6:
{ 0 1 2 6 }             1110001000
{ 0 1 3 6 }             1101001000
{ 0 1 4 6 }             1100101000
{ 0 1 5 6 }             1100011000
{ 0 1 5 7 }             1100010100
{ 0 1 5 8 }             1100010010
{ 0 1 5 9 }             1100010001
{ 0 2 3 6 }             1011001000
{ 0 2 4 6 }             1010101000
{ 0 2 5 6 }             1010011000
{ 0 2 5 7 }             1010010100
{ 0 2 5 8 }             1010010010
{ 0 2 5 9 }             1010010001
{ 0 3 4 6 }             1001101000
{ 0 3 5 6 }             1001011000
{ 0 3 5 7 }             1001010100
{ 0 3 5 8 }             1001010010
{ 0 3 5 9 }             1001010001
{ 0 4 5 6 }             1000111000
{ 0 4 5 7 }             1000110100
{ 0 4 5 8 }             1000110010
{ 0 4 5 9 }             1000110001
{ 0 4 6 7 }             1000101100
{ 0 4 6 8 }             1000101010
{ 0 4 6 9 }             1000101001
{ 0 4 7 8 }             1000100110
{ 0 4 7 9 }             1000100101
{ 0 4 8 9 }             1000100011
{ 1 2 3 6 }             0111001000
{ 1 2 4 6 }             0110101000
{ 1 2 5 6 }             0110011000
{ 1 2 5 7 }             0110010100
{ 1 2 5 8 }             0110010010
{ 1 2 5 9 }             0110010001
{ 1 3 4 6 }             0101101000
{ 1 3 5 6 }             0101011000
{ 1 3 5 7 }             0101010100
{ 1 3 5 8 }             0101010010
{ 1 3 5 9 }             0101010001
{ 1 4 5 6 }             0100111000
{ 1 4 5 7 }             0100110100
{ 1 4 5 8 }             0100110010
{ 1 4 5 9 }             0100110001
{ 1 4 6 7 }             0100101100
{ 1 4 6 8 }             0100101010
{ 1 4 6 9 }             0100101001
{ 1 4 7 8 }             0100100110
{ 1 4 7 9 }             0100100101
{ 1 4 8 9 }             0100100011
{ 2 3 4 6 }             0011101000
{ 2 3 5 6 }             0011011000
{ 2 3 5 7 }             0011010100
{ 2 3 5 8 }             0011010010
{ 2 3 5 9 }             0011010001
{ 2 4 5 6 }             0010111000
{ 2 4 5 7 }             0010110100
{ 2 4 5 8 }             0010110010
{ 2 4 5 9 }             0010110001
{ 2 4 6 7 }             0010101100
{ 2 4 6 8 }             0010101010
{ 2 4 6 9 }             0010101001
{ 2 4 7 8 }             0010100110
{ 2 4 7 9 }             0010100101
{ 2 4 8 9 }             0010100011
{ 3 4 5 6 }             0001111000
{ 3 4 5 7 }             0001110100
{ 3 4 5 8 }             0001110010
{ 3 4 5 9 }             0001110001
{ 3 4 6 7 }             0001101100
{ 3 4 6 8 }             0001101010
{ 3 4 6 9 }             0001101001
{ 3 4 7 8 }             0001100110
{ 3 4 7 9 }             0001100101
{ 3 4 8 9 }             0001100011
{ 3 5 6 7 }             0001011100
{ 3 5 6 8 }             0001011010
{ 3 5 6 9 }             0001011001
{ 3 5 7 8 }             0001010110
{ 3 5 7 9 }             0001010101
{ 3 5 8 9 }             0001010011
{ 3 6 7 8 }             0001001110
{ 3 6 7 9 }             0001001101
{ 3 6 8 9 }             0001001011
{ 3 7 8 9 }             0001000111
size 84
sum 84

k 4:
m 8:
{ 0 5 }                 1000010000
{ 1 5 }                 0100010000
{ 2 5 }                 0010010000
{ 3 5 }                 0001010000
{ 4 5 }                 0000110000
{ 4 6 }                 0000101000
{ 4 7 }                 0000100100
{ 4 8 }                 0000100010
{ 4 9 }                 0000100001
size 9
sum 9


