1
96
1 2
2 3
1 4
1 5
5 6
2 7
3 8
7 9
8 10
3 11
6 12
10 13
2 14
10 15
9 16
4 17
10 18
5 19
12 20
5 21
12 22
3 23
2 24
17 25
20 26
19 27
2 28
4 29
23 30
11 31
9 32
21 33
29 34
22 35
15 36
4 37
3 38
27 39
34 40
39 41
37 42
5 43
24 44
11 45
23 46
25 47
13 48
22 49
2 50
44 51
47 52
12 53
33 54
27 55
34 56
5 57
38 58
23 59
24 60
40 61
33 62
26 63
31 64
12 65
18 66
34 67
9 68
7 69
46 70
70 71
19 72
45 73
20 74
13 75
62 76
71 77
54 78
37 79
35 80
42 81
63 82
3 83
43 84
13 85
33 86
60 87
29 88
19 89
52 90
63 91
40 92
37 93
22 94
81 95
92 96
0 74
