960
42768
113
120
13440
362
121
524880
4896
504
244944
85881
5721
27000
8064
1671
129024
926315427
373248
63504
69
552960
101
16800
40960
132300
1000000000
18720
3240
84
279936
5767201
3864
105000
257
57024
589833267
900360029
127
5304
4536
108864
160
3645
12000
99000
420
276480
70200
34560
938017885
57
29700
7455307
14336
99
23760
393660
1323
47958485
64800
981028563
207360
224
2376
5625
482421315
368640
216000
7056
2560
59
95
30030
116
31500
118272
16320
165888
123
189
93
1500
35503
201600
633
1008
67584
23100
42000
96768
30
20592
34944
3
55
73
5760
50400
59400
17136
30720
8640
36
40824
139968
2160
48
4160
115248
653477439
21
3000
52
4200
986129769
92400
459270
300000
19008
24000
142884
23232
3120
646
33792
3696
2000
72900
2906162
391
517759
1056
999999937
35100
15840
49896
324000
163840
44800
41472
43200
230400
2340
904152917
29400
41600
17820
22848
10500
17
4312
168000
96000
630
75264
67893369
5280
110
52800
85712697
8748
31104
5824
8372259
181440
4374
41580
56448
37
2352
696
57344
104
49500
91857
76
46464
90
15288
22950
118263990
961175759
4725
912
259200
536870912
1000000
11664
13056
2200
88
33108
9
37800
182250
64
2400
123480
102
67500
7560
1632
49392
40950
4675
10752
21384
97200
233280
27456
53940
331776
430080
170
66
700
3780
131
3264
99840
7
14688
14560
184320
6144
128000
54
587234
11000
29952
311040
54600
388800
15552
441
169344
23040
31680
15680
22176
13122
967669583
8316
12544
142560
8660
12150
282791
68
67
39936
393216
27
56700
24
2600
75
36283838
79200
168960
23
32400
13824
50688
3024
96228
2618049
688978813
9408
252000
20480
25200
1615
63180
78750
473
2403381
6075
48510
62208
969
78
80949857
235200
697106497
62
120000
22500
82944
1960
18240
1520
28800
524288
86
4488
164640
5376
2156
56160
1001604
6720
134400
226800
54000
11016
44550
34300
1512
129
665
112896
6399199
43680
77
1530
72576
7200
18000
12240
29160
21870
4158
8624
4620
81
76032
122880
105840
73728
12870
8826131
176400
54880
9900
150528
29484
2736
69888
240000
47040
1680
43
36864
15
501
94500
86016
58320
998506315
457481
145152
204120
3157819
291600
1728
345600
306180
63000
2304
1260
1600
589824
84000
13230
442368
50000
27216
999999999
81920
14400
3168
133650
136080
22
26
103680
987
8550
85536
33696
10240
6
31590
349920
5297
3584
80640
127008
5616
9240
94
25
38016
83
2688
135
150000
18480
21383
124
16524
4680
21840
813
9425
115200
79548
256000
17640
31
864
364500
14
1944
26460
5346
95040
103
2720
147456
11232
81000
3900
13500
52488
3456
58
4560
5200
12288
241920
94770
1800
1440
8
3600
82268566
47473
20
8208
55296
216
983900459
622080
88704
65536
114688
34020
105
519
24192
12096
625433749
14256
7500
95256
32670
76800
46080
42336
13
97
32076
84240
61440
83160
39600
47
3371
4539685
8087519
16
70560
108
60000
118
18816
51840
124416
660
989447237
211680
17920
45360
4173641
2707
288000
510205
8015864
1701
28000
18
54432
87480
546
281
78000
4914
5520
221184
112000
107520
24576
1904
9600
106
7680
5184
1620
98304
2880
3375
10560
28672
26880
7128
24480
85050
30240
245760
12800
117
361
10710
48238
64680
63360
38
2097152
262440
22680
5073
1
110250
23400
8100
395
2100
7025
70400
5940
98
20160
7040
8772
486000
151200
14040
53
192000
12672
8424
81648
42755209
64152
138240
92160
540
322560
9504
49
448
44928
84480
86400
21168
3510
432000
79
621008
11340
1741
180
104976
19200
98415
10260
32
53760
40
964532929
45
89100
288
7776
268800
24300
768
93312
2431
179200
126
994617
32768
157464
7392
111
655360
90720
816
71805
270000
11085765
567
35640
4608
576
27720
25920
110592
193
476014
792
50544
362880
44
21952
49000
4800
281250
28512
52920
71
725573
174960
12348
336000
32000
6037
21504
3528
9180
92
302400
192
13680
5016
8250
16380
460800
107
225792
5600
49152
1215
84579
9000
25490988
29
405000
32256
6480
1836
746803744
57624
100800
42
89
89600
9216
2430
2592
805306368
56
6840
71280
4480
7389
17550
3888
68040
17280
7938
170100
102060
4
3360
92317161
31200
2520
9409159
6750
9489
922505446
58800
5
248832
75600
20000
3072
294912
132000
6541551
13860
7296
2250
65610
20736
87
48000
4943
480000
70000
1920
10368
6804
8448
60
141120
38880
1100
25600
672
64922375
957262828
5808
1848
7897861
38400
491520
5040
322081025
28080
3509575
49920
180000
2016
12960
236250
42105
4788
129600
23115571
673921
1249
559
29120
57600
145800
217728
15400
196608
16128
105600
69120
786432
472392
5361
131220
6552
2730
2310
19440
34111
108000
11264
116640
949106497
474
468
161280
7785
69984
194400
5601
8960
2070
91
16200
8320
614400
61966
24696
85
9827
23328
5250
17424
96
699840
48600
24750
32640
641
21000
2640
916855204
18432
67200
51
14112
33600
29250
782
43740
9100
1817
4752
1386
209952
40320
340200
323
243000
8000
640
1048576
8976
48384
61740
999999998
375000
58054077
72000
35280
15120
1584
65
1824
226151256
10000
74880
101250
63
10080
5657
19656
998244353
10
77760
186624
128
35
2268
80
7920
31752
10800
6765
409342369
4655
3960
1890
2
1764
135000
307200
46
70
33
38497
155520
144000
16224
301056
8347
300
518400
153600
3564
20328
4704
66150
51030
14700
115
37440
6400
28
4000
934
408240
2025
66528
8400
23814
34
125
50
1001
162000
4410
131980
4032
33750
94080
900
163296
30973
72
4320
432255
396
314928
59136
74088
172032
954158175
546750
15750
126720
49280
12768
9800
100696425
6930
414720
125440
4733
200000
346742385
19800
810
6300
16000
42120
16464
194241
5120
74
70235461
5000
27184698
15876
22464
5400
45000
32805
122
198450
3312
47628
7290
360000
25002
787320
215040
60480
33401221
11
202500
34848
122877509
119
2940
7390
112
109
583200
214573
5044
64512
4050
21600
1134
118800
466560
193536
9450
