965
71
23760
78
5400
368640
82
186624
92317161
58800
58054077
22
34560
33696
64922375
109
170
1530
92400
32256
63000
673921
583200
193536
994617
80640
67200
405000
172032
24696
2707
457481
482421315
57
640
360000
81648
346742385
127008
17280
2720
17920
3960
33792
396
118800
145800
50400
16380
41472
18432
4536
49500
964532929
252000
10260
18240
39600
2403381
120
33
6600
104976
40320
641
192
6480
19440
43680
82268566
517759
1920
23328
84000
99840
999999998
391
3312
16320
87480
1848
58
79
47958485
13056
25490988
1960
30030
1824
1584
13860
21168
653477439
27456
122
37800
31500
20592
14688
240000
3564
201600
420
864
4655
16464
10800
1001
2016
47040
80949857
124416
122880
24000
90720
5824
336000
163840
67584
64800
816
1500
11340
2560
279936
1800
225792
28672
15680
62208
625433749
8320
5120
94770
84579
142560
129
10000
204120
52
4788
198450
28
5808
998244353
6144
96000
288000
1890
29484
8660
86400
56448
241920
6399199
7296
1836
120000
306180
5200
587234
27184698
5280
70235461
32000
281
414720
1048576
19008
30720
16200
82944
43200
468
12288
192000
48238
912
15552
14336
193
48000
9000
13680
81000
540
8372259
5940
13230
7776
66
170100
55296
8424
12768
144000
900360029
54880
4312
1440
7560
10080
2400
29400
96
22464
2431
28800
72576
6075
491520
646
7500
294912
37440
28080
49152
29250
116
8316
9180
29120
96768
105840
8
32076
9409159
660
60480
126
813
83
14040
124
43
6750
14256
95040
216000
4560
2097152
75
44928
72900
118272
22176
189
48384
5040
957262828
245760
49
53940
157464
93312
4800
47
24
700
56700
393660
131220
42755209
633
938017885
9600
209952
132300
301056
11232
5
2880
29952
135000
10560
61440
8624
215040
2310
1215
42768
182250
1056
916855204
41600
14
28000
31
13824
169344
243000
4320
150000
510205
21840
362
12150
112
8772
12800
5184
41580
233280
33750
12096
62
474
32768
21600
32640
322081025
3456
38880
60000
12672
69
282791
986129769
10
9450
20736
38497
393216
7785
95256
432000
3
981028563
65
9425
4704
194400
115248
291600
524880
7390
15750
8826131
6400
961175759
11000
150528
10500
42336
45
111
244944
35
3600
36864
89100
1100
4620
70560
57600
133650
64152
11
71805
4752
3072
105600
200000
57624
23040
3024
202500
934
16000
84
21000
472392
98
1260
25
1512
5767201
922505446
52800
9408
17
4480
32670
4914
9800
22950
88704
262440
70200
26460
101250
24300
1671
8976
11264
13440
50
364500
20
999999937
180
4539685
98415
22680
45360
21383
300
6037
614400
10752
46464
983900459
1620
546
441
4488
42
49280
16800
22500
103
3360
589833267
2600
954158175
12960
5520
2688
576
567
4032
162000
21870
69888
7897861
48510
84480
340200
476014
139968
85050
31590
70
5304
47628
5250
66528
3864
7455307
8100
5721
9489
51030
67
63360
6
1741
3168
2736
20000
47520
459270
90
81920
2618049
42000
51840
1134
161280
63180
7200
36283838
107
165888
125440
30973
552960
8087519
12544
75264
281250
10368
71280
2070
5760
34111
117
6541551
100800
104
2304
18000
136080
5600
21384
64512
106
135
18
54432
79200
102
93
5601
9504
18480
8015864
5297
987
74
115200
217728
786432
1944
2
2520
7040
57024
1000000000
76800
29160
9900
589824
17640
164640
17820
3900
105000
501
126720
87
2200
2592
10240
88
168000
22848
25920
1632
91857
110250
2250
53760
518400
54000
7392
70400
24480
3375
949106497
14700
442368
546750
72
151200
6720
4173641
4896
44550
64
56160
257
33108
40950
3780
35280
172800
51
61966
235200
36
40960
92160
1000000
155520
4680
8400
27
460800
76032
78000
4733
4
86016
75600
34848
40
29
145152
9
84240
42105
5016
1
141120
1600
3120
25600
8640
67893369
34300
967669583
85
76
23814
11085765
697106497
15400
2906162
123480
622080
110592
4608
1520
118263990
3157819
4725
95
32400
3645
466560
13
98304
59400
259200
1323
7290
524288
54600
69120
725573
805306368
107520
4374
24576
999999999
349920
13500
8748
73728
128
9827
1904
40824
89
2100
300000
688978813
94
112896
904152917
50688
696
24750
121
23
2940
8064
45000
81
27000
19656
1001604
3888
44
621008
70000
5361
409342369
102060
64680
6840
345600
25002
288
17550
160
68040
7
395
73
4158
99
792
2160
31200
3264
5000
8347
147456
4000
57344
184320
655360
59136
17424
5616
3528
13122
105
50000
2352
480000
236250
60
4200
448
2730
56
5073
38
311040
26
19200
3240
38400
1701
25200
4160
672
85712697
132000
65536
83160
168960
746803744
2430
181440
4675
110
432255
123
91
256000
989447237
78750
11016
1728
2640
33600
30
4050
559
7920
142884
52488
408240
15840
782
16128
810
17136
79548
504
77760
163296
35640
322560
23400
112000
2000
14112
176400
116640
270000
39936
85881
362880
134400
226800
35503
6930
8960
119
9100
19800
7056
2156
94080
430080
8550
174960
99000
1249
21504
103680
114688
221184
32805
307200
18816
16524
7025
473
48
8448
211680
28512
7938
486000
97200
35100
128000
1817
20328
55
15
31752
12348
323
26880
207360
113
14400
7389
2025
46080
77
16
2340
131
38016
15120
47473
67500
49392
1680
49896
5376
72000
23100
108000
5657
180000
926315427
97
122877509
127
80
196608
108864
21
23232
230400
630
4410
2268
969
8208
268800
129600
1764
65610
30240
46
86
4943
68
96228
3509575
16224
31680
5044
63
27216
216
214573
27720
1386
2376
6804
12240
63504
100696425
7680
375000
50544
768
373248
9216
6552
34944
23115571
34
125
129024
49920
37
153600
52920
226151256
3000
44800
900
115
34020
314928
92
324000
33401221
48600
53
74088
388800
536870912
43740
998506315
54
66150
7128
276480
101
138240
74880
94500
6300
8250
519
29700
3371
20160
131980
361
61740
194241
11664
272160
24192
5346
179200
15876
85536
31104
1615
21952
89600
14560
108
9240
58320
248832
42120
787320
6765
302400
18720
8000
3510
5625
59
118
15288
20480
32
10710
3696
224
1008
665
12000
69984
49000
3584
331776
12870
699840
