477
0 
31 7 253 296 233 228 465 345 358 247 383 151 79 389 182 188 216 282 458 54 224 146 94 106 150 139 99 46 357 217 248 101 
19 223 23 396 382 250 309 175 56 5 80 206 83 468 387 196 207 117 177 186 
1 341 
29 248 279 372 323 343 396 294 148 136 64 248 284 12 92 188 188 327 363 243 331 442 449 339 359 284 461 14 327 86 
0 
2 199 116 
32 259 1 10 31 269 405 324 417 466 388 113 273 325 131 460 35 457 271 204 236 162 101 23 43 384 409 459 159 17 180 274 202 
33 106 209 232 375 137 78 240 125 391 352 323 165 5 306 199 387 25 328 71 186 428 94 154 261 428 135 419 445 315 216 95 346 424 
3 326 243 9 
39 329 408 60 169 283 382 333 213 136 457 49 161 308 119 272 258 138 426 444 89 83 386 459 323 50 76 192 399 401 434 334 178 291 393 346 96 223 127 234 
74 285 107 282 371 340 401 165 46 464 113 13 1 122 398 459 444 373 57 158 294 383 41 150 10 331 468 355 352 140 408 108 424 37 390 317 302 239 4 347 151 43 359 152 90 205 133 459 100 116 140 394 424 106 469 359 362 386 237 162 48 93 195 397 129 33 236 356 197 165 225 348 133 107 22 
25 222 237 80 204 337 121 269 179 471 300 96 352 110 4 37 197 454 129 391 373 183 424 57 61 143 
2 148 286 
1 13 
9 280 318 437 428 3 443 80 339 12 
22 274 443 408 96 62 283 131 468 245 327 371 300 240 192 5 186 249 469 255 322 277 193 
16 124 43 153 477 448 44 79 310 458 352 201 389 373 188 120 26 
37 179 364 352 475 112 115 189 117 226 363 108 3 207 310 196 257 278 274 256 248 243 335 6 223 135 207 60 31 320 179 56 21 469 408 421 103 448 
6 133 145 122 421 178 51 
36 151 10 246 407 213 445 111 387 210 445 392 358 103 47 418 59 367 119 114 313 36 447 257 139 343 315 209 465 184 387 38 334 396 209 189 58 
49 102 300 444 237 193 358 117 221 331 57 279 220 102 319 458 63 214 237 201 80 477 336 470 184 245 30 443 89 164 81 146 191 306 38 427 21 396 66 168 175 49 372 394 76 139 374 138 353 60 
3 265 432 462 
31 123 424 168 367 379 134 455 468 214 50 181 42 87 130 465 408 121 81 105 169 453 424 170 114 247 308 466 232 21 346 216 
6 143 292 384 435 119 443 
34 338 109 105 387 289 72 400 344 59 256 465 66 361 82 41 233 252 80 405 8 472 159 28 340 301 96 81 133 53 199 24 390 308 128 
39 226 45 199 148 389 183 329 376 248 212 383 214 371 83 220 224 90 214 309 43 76 132 138 156 190 116 281 213 29 111 340 180 155 464 253 469 95 104 293 
27 343 242 199 5 61 207 224 284 223 437 115 265 439 246 329 43 361 444 323 96 398 359 361 26 440 347 278 
46 431 442 308 173 233 72 297 163 132 26 387 341 248 272 456 439 233 150 216 202 34 108 47 129 432 332 13 457 294 285 184 173 175 14 345 407 11 164 93 68 116 405 408 363 199 386 
30 250 358 462 465 82 18 96 54 72 453 385 10 432 127 295 64 226 469 77 19 325 13 183 343 80 224 270 414 35 468 
4 248 285 348 232 
40 198 355 175 219 409 173 194 242 182 149 369 402 138 117 394 215 135 167 153 243 32 159 466 301 95 427 217 268 234 14 426 431 368 123 99 299 221 292 64 403 
37 366 358 327 27 474 169 167 57 335 319 226 366 403 140 115 423 89 332 214 248 345 162 202 235 210 226 460 431 40 46 356 406 403 131 358 325 226 
3 47 307 83 
1 291 
18 55 375 217 195 12 162 209 343 301 457 136 462 107 371 195 332 353 74 
14 371 324 355 225 175 8 31 22 233 3 328 242 294 309 
14 139 436 429 150 46 160 419 347 65 77 331 171 373 451 
5 25 248 450 322 20 
49 327 472 194 261 26 141 419 28 395 183 247 226 247 205 103 323 251 188 264 120 253 340 376 423 162 276 374 335 248 218 355 24 212 474 284 163 138 225 191 55 334 437 206 29 91 308 351 341 18 
10 137 386 270 403 210 142 87 8 38 421 
42 182 181 224 205 318 221 414 4 358 87 120 338 420 5 469 449 95 299 322 361 242 385 195 438 310 405 28 322 338 468 265 445 171 415 172 11 158 108 417 38 121 462 
51 301 63 467 292 437 10 39 208 371 206 41 14 92 276 418 119 120 205 109 310 172 205 247 344 142 404 377 81 367 423 469 116 9 458 333 371 393 371 27 212 26 67 226 117 268 92 162 387 296 270 146 
18 468 475 392 260 65 245 85 145 60 31 62 176 442 445 31 261 361 328 
1 214 
22 95 353 206 246 469 474 338 153 309 156 349 454 72 272 369 257 336 62 268 406 121 298 
31 468 296 188 435 253 374 244 103 110 265 455 316 33 372 238 370 451 69 452 248 46 46 42 340 229 303 401 19 231 44 316 
73 147 266 429 31 41 325 274 143 435 61 46 199 94 417 436 389 316 27 363 86 475 409 127 337 160 429 186 104 109 156 419 181 421 296 211 387 143 411 455 26 471 23 150 13 365 34 402 204 61 213 289 461 70 342 321 155 219 29 258 253 110 125 434 53 420 167 439 12 100 416 440 20 364 
41 113 435 252 146 285 381 132 21 192 116 90 459 362 171 127 316 428 379 426 76 335 404 18 428 292 432 453 230 395 398 43 433 356 294 101 89 197 159 35 314 200 
14 125 222 84 221 348 325 171 249 273 246 33 126 190 386 
10 417 144 361 95 464 282 137 419 86 356 
19 446 174 1 53 209 315 252 259 462 261 2 332 108 172 29 307 344 464 432 
11 459 372 371 125 256 465 38 463 51 382 71 
15 406 350 170 407 328 304 170 102 85 154 362 12 411 396 110 
24 439 225 453 426 105 434 246 475 7 427 388 447 412 364 352 408 293 150 101 222 1 404 317 102 
3 415 470 390 
3 426 403 308 
7 58 290 458 436 164 85 392 
12 410 82 325 359 395 294 220 282 168 150 23 244 
51 176 170 244 29 9 271 443 1 183 317 329 416 301 141 396 259 305 3 100 163 10 424 44 331 166 189 61 260 339 83 26 37 252 269 468 260 465 433 186 97 199 37 35 22 103 357 280 333 359 379 18 
22 295 251 465 148 417 176 208 199 440 216 224 403 467 418 393 175 331 349 360 427 473 322 
11 388 17 350 267 296 206 74 124 223 294 374 
39 136 441 313 312 97 437 274 312 109 199 227 49 115 401 380 389 209 255 384 53 165 326 403 357 144 57 357 193 205 173 90 341 63 328 175 159 214 374 397 
83 322 22 146 371 62 473 199 450 204 379 282 183 470 130 34 275 199 90 154 392 220 327 407 83 389 183 183 473 396 80 318 241 101 464 60 88 385 184 60 111 11 267 219 3 322 178 278 43 193 431 360 413 206 215 18 43 398 201 39 316 206 356 5 232 268 467 319 175 173 304 212 184 93 356 112 414 57 389 382 175 269 191 110 
44 400 405 54 443 325 180 407 90 385 211 20 65 2 10 383 102 108 135 239 291 227 118 329 89 100 166 396 274 434 109 310 283 440 363 248 287 65 177 302 375 387 322 439 314 
3 331 270 342 
8 438 404 103 178 79 146 432 93 
36 171 120 11 371 3 46 203 285 8 14 55 220 4 157 45 378 469 292 339 232 71 131 96 434 460 124 60 61 196 14 153 366 134 89 259 136 
19 134 387 346 67 326 400 287 329 5 257 229 473 71 16 153 67 72 248 23 
6 54 372 83 114 90 96 
4 192 381 155 281 
22 89 216 414 401 84 4 250 409 216 101 413 472 330 335 468 271 10 57 343 184 5 396 
28 4 87 436 19 183 150 399 263 356 10 2 219 411 11 148 183 420 363 209 281 283 464 138 199 258 74 181 123 
119 257 185 444 260 272 402 278 380 1 125 165 282 61 92 23 397 103 170 102 448 458 236 251 263 223 315 387 3 388 90 125 93 275 91 278 472 419 4 300 345 54 390 149 114 5 98 33 33 267 60 3 248 296 253 436 41 90 346 446 403 361 93 421 84 109 147 78 453 150 377 246 204 290 395 243 220 418 276 252 207 335 254 380 79 432 265 119 448 59 87 373 419 105 243 26 140 389 29 115 465 332 361 117 144 204 359 363 144 157 63 276 418 242 105 19 196 369 138 166 
17 427 150 465 294 181 230 245 320 67 274 434 54 128 243 96 197 446 
4 455 8 38 60 
24 70 314 477 237 418 19 432 235 82 47 184 231 34 403 411 189 97 179 181 370 136 161 423 304 
26 256 68 199 233 75 236 293 70 72 292 306 415 236 186 172 317 232 281 474 265 133 407 379 229 35 83 
49 47 96 243 469 399 21 462 120 180 462 356 398 54 353 138 285 217 374 470 388 213 151 118 209 415 250 65 243 1 25 325 47 120 16 441 41 439 425 87 67 409 368 464 388 243 125 121 385 424 
18 113 296 85 189 339 220 127 111 284 295 37 234 68 83 353 83 449 393 
18 447 322 2 37 253 369 426 89 61 476 209 445 422 247 189 30 436 50 
8 175 11 86 384 231 122 140 298 
74 130 15 306 101 407 201 422 335 237 123 152 112 137 138 110 271 32 458 41 220 413 402 196 110 338 207 16 91 329 155 388 384 169 142 8 24 342 355 284 28 404 436 139 63 22 248 334 53 154 300 273 89 150 394 198 10 123 139 100 377 293 413 210 387 77 143 337 344 20 143 371 349 27 32 
10 412 49 206 194 101 359 419 299 374 91 
0 
7 141 94 100 190 233 125 89 
27 451 60 224 287 62 366 146 331 312 288 225 183 315 182 43 289 313 236 389 195 177 137 91 193 277 110 292 
66 466 268 416 4 168 401 227 454 388 42 122 242 353 409 392 58 172 22 101 460 335 262 298 52 365 434 68 80 159 103 298 74 371 236 3 61 86 155 37 399 196 84 89 71 15 3 129 113 25 155 21 285 416 318 336 303 200 329 309 285 431 129 358 250 290 360 
28 236 301 37 198 223 159 281 311 229 222 240 283 334 190 437 354 474 376 121 258 127 320 35 435 127 391 12 410 
8 90 302 218 325 125 181 449 273 
30 339 252 33 90 399 272 373 255 387 332 58 309 156 178 15 209 423 49 92 476 365 104 408 454 331 149 228 455 329 199 
64 177 116 450 209 205 372 406 26 75 315 284 132 72 439 235 86 170 107 60 262 105 424 291 438 327 144 109 77 47 363 275 223 1 247 431 132 67 285 157 142 48 366 199 119 328 360 130 423 466 189 133 93 62 423 456 388 15 14 390 62 376 187 284 303 
31 359 164 360 426 448 442 16 422 331 140 63 107 425 193 455 413 307 111 431 368 459 410 204 474 423 116 461 247 228 193 475 
3 110 356 357 
15 461 253 248 402 197 101 64 185 133 415 377 110 350 207 146 
7 230 23 54 162 227 50 33 
8 268 436 205 19 151 203 128 433 
2 8 37 
17 208 181 438 330 281 427 37 339 364 340 449 163 472 43 392 17 96 
46 2 169 71 437 363 29 164 381 180 292 434 135 226 396 268 406 356 46 136 231 8 474 118 347 371 206 267 340 120 210 435 121 304 432 80 189 460 169 18 88 461 377 148 209 295 341 
11 63 99 386 198 330 320 195 373 115 14 101 
26 382 353 220 114 237 266 343 191 271 55 99 365 475 113 348 375 260 5 192 50 471 291 361 191 69 203 
97 311 441 318 325 64 148 126 209 187 362 400 52 1 119 32 100 6 30 138 280 404 323 210 44 372 203 260 256 394 254 384 227 217 150 477 206 297 52 340 409 339 262 461 340 380 418 365 386 447 25 114 299 347 323 269 168 49 51 423 442 231 255 117 447 331 43 176 76 20 441 8 358 226 394 146 128 334 33 439 230 460 75 51 330 324 319 20 372 296 368 262 49 71 378 421 401 346 
2 45 477 
6 365 9 410 172 234 326 
6 317 287 108 276 175 337 
18 258 175 388 110 21 155 55 392 450 422 176 424 419 3 368 342 274 412 
49 267 88 346 199 259 102 47 98 315 81 373 12 417 80 186 327 189 133 408 244 47 380 114 149 253 55 77 143 323 350 3 112 437 349 311 144 376 283 168 213 363 466 150 229 68 262 78 257 394 
0 
13 8 426 366 314 465 37 15 446 39 157 291 389 85 
1 402 
51 274 359 161 418 258 370 108 396 181 96 69 409 164 330 413 346 172 346 220 60 108 207 23 122 175 61 278 465 375 289 316 172 170 476 38 353 294 71 272 475 92 266 332 255 44 267 49 215 136 268 274 
6 243 475 222 365 172 283 
27 91 86 106 305 401 277 475 325 240 276 68 310 473 65 402 261 396 105 304 112 154 444 247 347 167 415 344 
6 388 228 442 119 319 453 
30 225 146 302 427 69 75 190 345 142 425 266 132 349 50 454 380 279 88 459 246 260 328 412 197 121 248 425 11 367 192 
3 463 114 263 
2 213 63 
10 332 287 252 125 429 126 390 9 474 365 
2 462 302 
83 167 475 283 338 257 60 198 380 106 371 253 116 260 370 27 373 155 239 362 9 48 136 59 402 261 449 411 184 262 321 411 354 319 143 140 24 128 337 329 233 231 30 274 416 399 300 312 77 464 196 11 437 257 473 362 444 444 221 76 154 467 412 31 308 77 170 258 204 433 109 362 112 139 158 50 463 457 361 465 369 5 476 329 
12 188 471 213 80 363 359 155 39 348 89 472 105 
20 92 165 362 295 120 396 180 231 460 263 280 446 169 90 433 60 20 357 388 207 
8 276 49 212 161 407 366 126 204 
7 381 120 308 472 284 118 215 
29 329 36 320 82 19 106 288 390 274 303 271 259 322 151 170 455 426 218 189 36 74 4 87 277 310 132 107 304 342 
14 224 444 193 185 287 201 129 318 414 41 40 239 238 298 
4 9 388 467 389 
15 262 134 27 223 133 30 235 409 339 367 441 91 231 113 57 
20 423 297 269 72 352 109 8 318 148 246 78 372 255 391 287 92 102 420 118 324 
0 
57 1 147 82 335 411 448 298 24 127 336 7 72 82 275 144 433 310 151 273 383 323 351 277 26 190 13 117 291 358 235 138 359 307 145 216 241 41 37 190 167 298 122 164 379 323 233 334 155 310 130 463 155 406 189 106 118 201 
122 222 409 81 382 472 439 212 65 178 378 31 140 16 197 363 138 286 265 460 42 121 63 351 176 451 431 30 162 59 148 362 206 5 369 111 402 256 248 466 359 74 422 424 15 67 310 152 352 97 60 393 217 48 192 319 22 145 348 109 129 421 397 335 425 288 371 349 66 141 263 351 140 207 297 154 199 129 232 74 225 217 392 368 191 33 209 138 177 5 246 232 426 165 89 373 378 459 171 370 48 359 243 113 15 62 266 213 191 423 212 341 89 127 231 279 85 365 416 187 370 184 418 
24 244 275 29 65 101 413 161 470 386 43 161 21 460 223 213 195 339 158 333 202 172 459 359 450 
29 469 172 388 178 467 21 119 233 221 73 224 321 9 384 314 394 426 474 341 408 145 76 52 409 159 384 60 331 291 
0 
7 344 303 282 38 140 459 431 
44 86 100 186 306 173 409 149 107 316 388 426 190 311 289 47 455 364 98 313 46 4 372 302 220 164 127 24 201 192 408 154 277 31 266 105 129 123 254 161 364 90 109 77 400 
6 398 123 304 210 146 139 
35 255 75 436 79 294 122 132 243 248 323 173 328 49 129 116 79 257 164 258 343 51 348 452 53 270 298 101 96 30 172 234 285 246 118 289 
11 465 239 346 230 413 118 402 263 166 54 304 
25 244 236 467 25 102 443 298 2 421 90 299 44 186 328 141 345 61 386 389 276 373 76 144 125 11 
1 187 
8 453 273 278 29 99 45 264 15 
40 472 291 457 292 292 401 307 39 370 418 367 34 212 353 345 123 151 167 198 221 291 209 407 192 4 134 220 29 178 410 43 98 223 425 315 441 348 70 2 167 
28 11 294 200 222 170 470 344 246 159 64 392 376 198 248 90 128 381 310 156 7 168 124 30 316 71 344 279 345 
38 413 207 34 349 23 159 93 192 151 436 364 236 426 278 134 72 451 223 199 354 458 280 360 148 403 389 464 400 181 191 267 43 397 300 391 420 384 7 
25 60 57 368 349 292 242 76 351 314 49 97 35 403 3 315 211 77 166 49 466 88 229 179 354 197 
82 25 102 111 370 8 43 429 468 336 227 282 101 302 82 414 350 178 374 201 106 137 412 182 303 460 170 316 137 275 193 260 225 220 296 117 154 338 68 144 196 220 351 222 44 432 84 394 58 458 117 164 117 454 271 419 362 367 258 425 164 376 207 388 44 25 430 197 288 20 340 409 240 140 154 209 94 237 51 152 217 94 241 
1 260 
11 70 34 201 358 400 384 305 12 208 34 325 
12 252 461 277 374 271 223 237 202 388 376 281 119 
12 395 444 96 472 183 189 235 368 258 195 92 138 
3 43 401 368 
14 458 58 327 305 309 310 31 131 29 179 293 231 15 191 
17 437 59 35 403 154 29 35 342 190 402 123 384 419 186 352 269 77 
13 332 326 329 86 83 162 42 213 190 220 29 346 234 
7 145 306 292 179 157 446 134 
6 191 310 323 42 358 155 
3 460 470 432 
22 251 472 287 99 323 298 181 7 339 320 123 81 348 394 240 418 148 457 120 305 351 179 
3 421 110 427 
57 462 467 104 445 385 58 144 379 270 243 151 90 349 83 428 117 205 434 464 122 196 405 269 102 450 22 452 151 443 84 100 427 477 129 320 384 112 464 212 382 155 362 397 26 444 348 143 172 304 55 219 426 385 413 453 283 435 
71 427 433 400 34 458 349 33 35 192 342 147 104 76 454 258 437 373 283 404 243 351 24 473 332 242 347 165 177 322 448 134 197 329 56 230 310 331 188 344 448 53 416 74 54 392 331 14 288 62 417 456 339 440 377 119 130 246 283 306 16 253 366 213 105 347 368 340 200 5 132 96 
2 460 71 
3 169 36 462 
19 425 49 198 413 391 177 274 279 76 392 334 248 123 163 263 302 454 401 332 
12 323 218 194 449 222 251 67 204 247 162 239 158 
11 109 214 355 44 53 457 243 258 56 83 114 
10 229 206 202 14 30 104 341 287 427 81 
27 406 398 302 179 390 431 426 74 118 106 183 331 386 152 310 366 395 16 421 403 55 98 131 183 37 86 286 
3 377 298 235 
29 383 226 81 207 405 471 86 279 67 204 310 175 460 218 253 292 106 96 233 452 21 288 72 78 470 109 89 278 411 
6 387 439 317 135 445 449 
10 465 364 58 192 357 261 24 54 243 168 
21 232 461 273 327 216 174 274 26 171 351 421 205 365 148 139 274 109 381 335 2 352 
13 248 366 335 366 245 118 315 224 287 5 456 270 204 
44 305 411 377 27 437 473 377 306 127 191 453 265 390 10 94 173 12 371 421 377 229 235 70 272 72 293 81 77 271 276 280 25 210 105 51 95 26 354 400 152 67 302 342 382 
25 311 435 78 248 255 424 147 409 181 216 203 252 435 210 254 228 411 459 178 143 12 155 163 38 31 
31 12 189 23 313 457 404 72 414 407 320 117 353 466 48 56 131 251 234 14 386 413 241 319 395 345 388 406 22 476 369 52 
7 10 81 477 322 463 329 320 
3 325 259 162 
8 442 134 76 12 116 132 188 275 
18 145 22 210 386 341 53 179 177 459 200 175 350 177 185 356 176 432 267 
40 27 274 115 211 361 79 345 437 16 386 91 204 183 236 151 318 70 14 371 248 116 278 447 291 76 72 401 358 247 281 147 199 4 261 336 364 339 203 323 281 
60 37 414 410 219 172 83 59 167 23 355 414 138 155 309 354 231 380 277 111 75 7 257 199 10 444 57 373 231 185 145 34 221 81 443 365 178 49 350 344 71 227 206 134 308 37 11 61 342 213 97 342 219 279 63 154 245 46 453 402 230 
58 120 435 451 126 401 264 303 375 136 95 371 289 226 430 119 188 440 179 52 102 201 393 246 2 381 400 173 426 375 97 179 420 457 78 68 380 267 296 203 403 316 22 214 64 452 332 251 414 436 228 441 159 69 210 86 375 58 184 
11 324 358 280 428 300 260 431 293 88 220 111 
21 217 145 352 238 284 415 212 64 114 75 22 341 38 106 335 173 192 232 230 375 4 
106 36 104 431 261 289 310 76 376 53 112 41 123 463 279 407 326 13 396 439 87 418 228 51 449 85 223 89 243 379 390 246 340 16 126 124 230 435 125 128 10 163 169 59 74 373 391 326 385 309 287 398 249 441 448 147 451 119 235 216 423 147 388 286 162 36 335 317 470 385 371 406 70 465 464 70 360 377 395 267 208 130 113 383 93 9 52 470 128 212 208 476 359 44 210 446 79 67 286 475 378 179 403 373 166 315 442 
4 48 214 359 240 
8 347 12 353 178 30 361 229 22 
11 414 367 156 339 248 199 71 216 204 64 24 
3 127 441 128 
14 455 336 293 292 301 266 431 108 29 300 45 307 1 75 
5 116 155 22 53 44 
35 177 391 217 302 387 433 431 450 382 80 339 436 57 198 251 348 424 40 227 457 471 49 25 300 452 25 415 56 46 393 25 149 232 242 450 
19 142 123 329 40 430 408 379 388 390 25 162 186 448 127 412 353 120 460 377 
4 345 361 327 282 
4 342 373 124 366 
22 447 355 130 345 422 178 196 462 131 126 289 41 38 313 202 223 209 254 83 84 373 468 
23 387 166 351 236 448 215 57 94 30 26 374 85 370 245 263 14 229 319 65 443 359 28 278 
3 10 176 412 
79 263 258 18 85 249 330 250 48 89 146 189 71 165 218 97 465 302 392 232 13 406 460 331 470 351 139 21 151 148 196 11 336 380 28 420 151 284 119 198 372 264 386 442 355 52 464 342 280 379 96 218 233 4 72 151 354 210 97 430 283 219 440 141 121 393 84 197 199 128 394 93 391 229 461 194 280 447 58 8 
16 274 153 226 432 156 297 106 435 432 128 387 163 346 349 303 392 
25 265 312 111 463 439 28 5 279 182 391 472 387 286 456 395 83 131 143 440 213 365 471 170 245 122 
138 6 407 467 354 232 382 67 470 418 53 431 445 460 232 75 373 153 462 181 131 379 189 187 447 152 325 260 145 421 27 192 426 359 182 302 113 12 369 31 355 347 462 323 329 142 323 224 220 307 404 350 134 42 463 29 193 310 288 263 253 240 455 201 121 85 429 160 22 246 190 376 115 100 147 369 242 470 41 461 225 444 260 285 8 245 313 126 3 50 389 256 289 366 382 410 376 333 92 397 101 281 295 141 381 442 32 71 360 72 457 107 442 165 391 375 335 153 427 338 202 338 42 13 152 423 422 453 279 439 372 305 169 115 446 475 79 403 68 
12 438 401 450 471 291 138 310 188 472 462 137 258 
39 186 400 299 199 477 245 69 452 449 31 346 276 199 461 170 122 465 22 189 352 422 87 271 235 224 103 348 145 88 411 402 199 333 150 397 259 320 392 233 
4 291 348 28 15 
39 472 414 111 116 401 132 230 201 2 316 471 236 466 97 32 133 110 442 460 308 224 58 154 5 377 68 237 190 415 190 131 409 126 241 450 453 372 202 176 
12 373 40 170 57 28 192 88 86 301 53 472 57 
0 
34 276 52 210 206 429 203 368 67 66 81 197 400 206 437 372 181 257 96 357 152 136 452 134 89 166 222 175 392 200 95 448 401 146 181 
23 129 97 309 19 90 375 25 286 297 231 172 192 337 428 213 142 29 274 116 162 363 207 309 
6 463 47 434 80 18 283 
25 151 124 337 248 432 282 263 255 306 474 75 462 168 192 322 45 404 463 476 201 28 160 12 234 395 
1 474 
1 281 
29 277 2 224 83 152 273 419 325 227 149 110 408 455 107 5 439 200 122 283 244 48 195 242 174 222 328 185 381 171 
4 107 110 447 108 
4 333 455 260 128 
6 323 33 281 471 143 211 
33 448 175 141 336 374 262 141 67 309 335 234 6 5 10 116 386 180 223 18 76 330 351 456 38 404 301 71 207 221 213 343 117 313 
8 6 452 135 267 42 201 25 302 
17 361 433 307 370 71 215 476 293 232 74 146 31 455 183 435 205 253 
17 90 425 391 359 467 152 364 442 287 80 6 10 104 307 296 59 62 
3 189 55 276 
29 187 348 434 186 16 464 89 124 347 293 303 363 166 142 244 156 294 56 120 103 135 51 38 164 283 334 148 271 448 
6 203 69 157 73 428 268 
31 14 341 356 63 210 98 365 21 263 433 190 418 249 246 463 277 306 439 314 470 171 96 66 441 66 268 32 148 266 386 341 
13 205 249 220 268 458 243 81 405 28 36 117 446 284 
23 288 357 83 117 319 323 35 415 344 100 378 410 294 335 6 8 243 347 213 14 15 3 398 
3 257 83 325 
31 210 119 367 104 328 178 461 337 220 228 182 254 165 48 279 65 383 21 325 315 29 91 184 241 104 124 169 427 306 177 274 
51 38 295 164 142 72 267 51 408 9 278 38 188 368 11 466 358 394 413 205 231 441 295 340 130 325 389 224 274 143 400 474 180 218 86 247 215 352 297 145 286 23 182 473 390 192 387 270 34 322 401 190 
15 285 218 455 340 468 366 86 191 31 412 113 137 78 198 309 
1 292 
21 475 129 436 283 77 66 278 393 183 113 185 143 435 108 332 168 252 310 31 168 124 
10 42 284 155 453 396 217 53 116 48 270 
26 39 102 228 321 179 219 47 94 402 160 204 67 43 238 324 210 415 156 166 31 206 134 315 286 35 233 
28 25 14 275 72 283 313 100 34 83 204 178 55 297 28 140 426 20 182 112 344 318 452 425 6 6 153 139 320 
8 438 174 1 388 187 275 460 395 
2 37 8 
17 354 119 211 55 99 433 82 239 307 102 346 419 371 186 393 318 118 
13 324 471 182 166 357 281 167 268 393 367 176 311 403 
105 183 187 44 393 241 69 274 249 233 103 350 101 44 243 213 363 9 256 209 405 437 301 285 167 393 1 82 282 176 318 208 284 28 177 125 194 245 398 442 477 23 240 27 470 408 165 281 417 420 415 344 305 238 77 471 153 77 2 435 178 319 165 461 346 267 34 466 35 431 430 437 380 193 463 298 49 76 101 465 18 38 258 249 202 260 168 354 337 169 237 440 11 327 350 282 117 383 270 77 337 149 36 165 267 425 
30 462 315 23 11 229 444 451 412 215 175 194 308 455 53 477 214 419 413 64 291 143 180 196 413 182 458 10 217 145 276 
14 90 55 113 113 468 267 5 368 201 145 65 395 452 445 
41 373 451 182 314 312 171 127 455 276 249 316 457 229 325 196 300 123 286 280 161 324 271 428 328 161 151 472 151 471 372 119 367 346 226 203 106 396 256 83 120 27 
37 398 99 181 245 294 3 293 28 283 454 277 2 330 127 88 406 47 238 400 419 282 289 213 433 417 318 277 121 327 396 73 247 17 254 418 237 256 
32 159 264 464 61 467 391 390 116 1 245 89 165 167 433 372 381 168 328 246 411 127 367 260 46 439 433 62 215 299 298 397 383 
9 11 309 444 477 149 282 41 149 49 
24 55 239 141 10 134 44 103 387 216 37 36 105 222 7 469 103 69 133 327 292 455 233 228 212 
14 125 153 360 406 120 32 381 174 196 44 184 329 88 286 
23 164 303 248 200 333 396 206 250 21 200 382 274 418 359 29 168 94 153 321 453 7 440 410 
1 387 
2 62 55 
11 431 245 309 444 457 473 195 153 195 453 474 
2 326 225 
4 421 49 130 217 
25 466 414 171 82 30 249 328 409 255 290 267 165 278 321 44 448 153 10 353 148 130 29 268 105 25 
69 116 329 371 90 384 110 4 321 280 86 276 51 413 207 232 152 400 322 429 169 365 399 321 300 275 394 429 229 110 459 179 152 310 73 241 217 182 171 463 388 256 261 364 191 468 118 268 316 439 219 7 252 67 254 74 267 96 428 18 206 409 122 283 168 194 449 310 302 142 
1 295 
5 138 323 78 24 440 
65 471 142 230 309 29 375 242 281 367 18 280 156 113 157 99 244 88 220 452 181 340 424 13 164 14 307 301 337 311 324 299 304 391 51 62 346 351 303 75 240 320 280 395 358 436 419 51 450 162 25 153 24 448 166 113 462 398 413 247 231 185 68 461 25 44 
10 45 370 395 347 370 157 115 172 1 472 
6 131 419 45 103 29 473 
13 181 52 369 272 90 279 193 25 48 349 136 115 332 
37 160 159 376 455 2 171 347 158 285 444 84 206 23 429 176 51 457 171 232 435 63 26 47 341 144 475 389 16 59 429 347 218 36 172 121 37 268 
16 393 121 2 359 204 207 382 81 308 358 464 405 112 421 393 64 
46 393 256 207 316 93 222 374 448 18 40 6 115 160 43 382 75 163 383 360 292 38 190 373 272 70 359 199 182 228 114 245 69 295 377 311 314 122 207 284 65 173 215 179 332 257 9 
13 333 345 318 215 86 355 404 458 149 473 265 347 103 
5 418 386 273 412 204 
1 173 
0 
14 245 40 220 378 249 284 73 463 388 404 169 396 259 36 
10 236 399 121 40 325 27 188 247 217 461 
17 275 157 369 71 18 21 169 262 463 388 162 234 120 234 220 30 87 
15 388 425 271 349 110 193 396 149 443 348 336 138 88 245 413 
18 170 63 6 187 9 174 449 472 10 59 228 129 293 447 84 305 283 31 
10 98 81 140 216 476 288 182 346 73 319 
12 359 243 254 52 231 185 164 240 284 61 234 293 
1 120 
53 461 347 338 357 430 165 88 387 188 168 49 404 92 263 34 364 261 278 245 26 458 222 257 165 386 422 449 372 178 190 417 161 60 277 443 415 367 54 324 4 147 299 407 239 10 366 125 270 166 369 221 146 40 
19 403 237 351 347 208 245 47 323 185 134 308 387 99 246 277 152 18 280 299 
14 316 135 463 325 23 110 117 188 404 264 260 443 189 19 
13 316 59 152 10 105 474 194 238 231 103 337 402 305 
17 414 419 107 161 258 167 72 31 189 181 74 303 34 337 11 402 48 
6 29 167 106 106 176 137 
1 28 
15 295 374 258 397 159 182 225 22 124 257 108 307 350 180 337 
12 464 286 410 289 319 269 225 170 243 253 336 274 
15 284 437 410 312 254 233 92 99 391 200 249 338 249 432 446 
30 4 304 148 340 290 433 199 28 201 393 252 296 158 431 154 432 237 39 290 474 218 45 15 316 362 214 14 222 388 445 
17 190 391 197 263 253 9 145 377 439 271 293 214 89 376 93 168 256 
4 255 132 69 252 
10 349 39 266 187 400 2 126 145 315 93 
23 260 228 289 449 406 224 116 306 185 312 47 324 400 348 416 16 127 194 147 121 445 18 159 
3 159 130 82 
8 86 256 152 400 274 411 150 86 
12 382 78 309 423 383 419 183 355 266 31 226 204 
57 46 352 323 118 398 216 61 79 374 117 86 459 372 237 381 94 171 456 179 1 57 413 350 365 355 55 243 69 86 394 272 57 194 44 175 114 259 235 192 82 277 204 63 97 440 370 191 59 348 295 60 330 157 335 144 437 389 
11 312 28 400 228 225 457 421 268 80 57 453 
81 240 174 57 40 377 119 136 266 414 326 324 285 144 309 63 300 166 206 259 4 40 212 403 267 436 308 210 227 387 192 128 76 292 184 115 117 228 250 382 165 25 229 449 168 463 437 393 78 166 100 81 205 311 409 398 269 240 56 421 75 248 71 150 465 254 264 104 5 440 9 95 464 163 469 80 148 428 398 151 116 20 
12 231 247 256 163 167 450 328 222 394 328 395 390 
61 1 382 93 190 9 23 78 420 117 467 31 108 472 104 461 392 255 100 337 8 272 41 96 438 14 349 108 333 200 26 245 126 333 337 241 267 359 245 209 401 234 165 434 155 269 418 472 46 40 258 456 311 298 75 197 311 349 230 92 474 255 
4 337 122 37 122 
8 289 303 407 459 438 330 141 125 
79 287 295 393 227 290 438 192 70 343 428 293 343 73 53 214 302 144 211 80 3 258 42 125 472 344 54 453 304 309 117 429 118 337 270 270 149 157 387 144 22 337 437 364 409 12 26 234 155 236 239 84 420 280 134 340 72 187 242 376 421 358 253 465 217 448 257 292 127 167 435 148 429 320 34 287 257 463 43 412 
22 147 207 421 89 412 77 355 6 189 119 307 132 476 8 119 141 456 302 358 105 394 242 
0 
1 253 
10 345 84 212 154 341 197 122 201 270 328 
31 144 284 188 220 161 194 334 279 426 465 203 434 33 270 412 260 150 39 176 391 217 446 475 355 49 264 477 170 464 269 424 
16 56 76 134 201 162 253 57 441 202 44 92 158 2 361 18 261 
0 
33 437 459 436 350 125 331 273 2 379 462 404 71 374 122 420 429 197 3 152 358 255 208 247 382 178 339 465 179 148 5 366 107 464 
15 324 383 37 177 104 38 78 89 367 75 462 11 420 414 133 
50 422 14 417 126 148 186 433 325 450 421 429 47 351 317 153 263 90 461 299 266 88 262 270 102 152 270 86 162 138 425 295 83 365 234 134 35 345 89 359 318 435 236 364 309 76 442 94 165 352 319 
26 356 439 103 74 466 254 343 477 342 4 425 85 12 238 244 71 272 111 85 79 354 43 314 166 277 389 
33 57 296 2 408 137 358 295 166 431 283 345 223 282 209 152 155 293 89 392 59 159 112 96 243 190 375 211 27 64 413 341 46 158 
4 269 453 294 75 
86 196 385 431 1 253 176 208 461 253 363 203 341 203 187 22 315 282 191 27 106 327 456 95 263 246 140 420 440 115 162 37 310 70 467 236 322 92 443 231 344 254 433 208 457 69 155 294 276 271 246 381 121 151 475 309 322 137 177 284 177 264 320 412 259 309 96 29 326 62 186 193 315 141 326 220 135 3 439 411 200 134 314 246 210 238 3 
15 54 300 179 263 477 368 105 337 76 339 433 104 188 420 215 
5 306 257 356 154 403 
25 416 82 364 349 281 423 112 49 155 349 51 208 171 155 396 96 449 23 433 47 288 388 76 401 256 
2 291 229 
18 438 95 308 363 436 389 176 308 119 121 419 93 202 216 70 335 386 150 
8 254 408 121 276 363 93 12 199 
8 95 338 454 311 89 414 331 322 
3 226 289 160 
1 401 
28 45 278 447 463 296 171 127 365 29 439 38 282 369 84 6 254 103 18 378 123 355 354 433 370 216 212 140 441 
28 23 299 364 471 25 334 456 321 430 32 208 458 470 171 262 361 181 268 63 283 211 440 331 14 242 212 309 457 
38 423 449 347 371 270 159 364 221 418 269 64 371 300 197 351 292 368 62 175 474 255 237 205 465 125 58 404 366 269 236 271 214 133 140 33 328 299 397 
20 71 239 114 134 58 413 331 409 153 147 470 253 143 173 415 273 160 62 330 12 
39 427 121 247 146 260 379 286 218 156 33 63 226 197 176 360 255 37 139 112 189 211 30 367 353 202 304 148 361 365 403 372 240 449 68 386 157 372 120 374 
5 50 152 437 276 348 
8 61 84 125 98 148 162 212 358 
15 191 102 233 392 405 306 201 219 157 96 384 128 89 292 284 
1 386 
3 411 106 436 
16 11 468 160 359 52 169 409 75 316 20 212 196 210 313 354 125 
8 167 108 325 311 264 346 217 317 
7 360 435 49 269 294 154 153 
8 305 71 312 112 48 406 446 122 
32 244 465 259 365 198 21 241 322 113 274 95 423 60 367 88 302 249 45 350 40 339 429 192 166 22 429 277 472 357 171 42 49 
1 159 
9 301 413 356 321 176 126 359 375 146 
0 
29 304 434 35 391 184 210 362 56 249 223 411 367 388 358 318 113 353 124 209 394 172 367 143 108 171 389 209 222 270 
21 107 368 96 466 328 413 173 60 297 154 235 445 13 124 281 371 367 393 172 416 50 
25 88 111 417 157 144 110 68 352 258 338 384 148 359 299 401 220 471 461 442 73 218 409 86 267 212 
14 456 82 53 150 21 103 163 131 445 245 200 3 239 477 
1 260 
30 25 384 407 309 131 257 52 124 240 16 122 383 351 207 98 85 111 179 64 186 125 92 275 255 59 42 380 61 206 380 
26 321 230 212 176 62 342 432 113 391 120 54 438 25 330 168 48 341 204 153 404 316 277 18 113 458 76 
27 80 360 62 286 262 382 441 399 81 25 189 35 63 102 81 117 63 31 372 156 79 235 285 231 161 123 30 
39 104 161 10 105 167 370 167 378 80 71 341 405 77 366 116 38 428 144 118 470 132 148 365 213 226 122 20 382 209 69 412 238 229 347 343 395 239 435 221 
41 245 431 85 172 31 376 213 471 326 356 111 245 10 184 58 222 336 105 168 240 239 236 100 477 464 447 268 308 208 225 51 378 178 61 475 208 436 211 201 211 89 
35 237 381 25 421 438 172 279 65 265 444 230 23 67 229 413 36 19 169 169 169 145 70 346 206 67 3 90 277 129 300 292 366 203 242 235 
42 89 339 439 80 127 405 309 75 471 463 10 29 4 178 198 172 249 193 443 454 259 445 66 462 97 292 276 388 17 443 145 32 304 106 111 356 436 419 431 430 404 440 
4 384 333 67 30 
1 430 
4 315 222 395 217 
32 407 289 208 391 311 22 115 221 442 6 291 473 309 396 106 188 354 47 67 232 376 432 65 231 21 94 109 261 242 26 403 171 
1 240 
9 134 10 73 155 124 293 45 129 32 
2 40 363 
3 427 145 476 
6 230 117 65 387 418 20 
28 451 97 443 68 205 153 235 157 78 405 396 137 414 469 292 463 210 336 40 168 302 328 43 372 327 272 12 317 
68 108 429 262 81 49 228 74 179 306 308 335 309 161 254 446 23 171 186 8 306 447 450 473 271 301 39 166 150 236 103 392 343 457 177 350 431 330 423 133 158 180 467 466 340 169 434 363 265 142 296 94 112 269 15 308 18 456 473 93 141 98 7 409 4 183 281 434 35 
23 153 89 118 258 79 33 120 173 466 408 438 57 153 54 94 347 471 401 364 376 323 456 39 
27 346 462 447 349 94 177 306 54 255 320 172 35 398 204 80 94 118 414 457 174 89 436 193 435 429 43 321 
32 327 291 225 291 159 209 187 434 302 363 188 282 140 30 453 100 354 105 105 373 222 41 352 322 129 310 37 12 187 5 258 440 
1 295 
7 5 253 380 140 439 262 367 
82 250 449 171 315 404 146 340 206 250 445 101 472 8 378 242 63 210 278 74 323 209 258 285 26 262 60 331 401 425 115 291 123 12 461 438 342 56 300 70 305 267 97 225 201 474 466 263 133 193 262 455 327 42 262 352 230 247 206 153 194 246 369 243 258 353 203 48 408 428 117 161 144 213 312 270 136 226 55 268 344 242 171 
1 193 
11 210 432 471 439 127 199 114 247 370 409 12 
6 76 284 140 123 140 90 
16 240 226 159 378 60 428 36 212 408 229 78 173 399 271 382 279 
41 264 269 406 388 382 175 206 313 186 282 45 325 404 110 340 92 262 425 470 321 375 431 458 306 109 59 404 433 255 234 235 41 25 89 354 332 263 82 94 374 363 
9 64 147 216 174 412 307 435 359 225 
3 204 183 105 
14 185 414 213 169 340 168 423 22 328 389 46 416 265 303 
21 127 346 396 426 158 460 95 373 82 433 128 442 314 279 94 422 383 278 358 44 372 
54 220 211 317 167 465 154 138 403 418 441 53 213 285 404 296 193 22 117 274 380 244 164 142 45 258 87 427 461 444 470 356 113 130 121 279 117 275 417 445 141 380 423 353 113 350 97 306 297 213 28 199 457 192 340 
8 427 449 426 303 432 319 221 310 
7 431 276 357 232 392 154 97 
4 286 294 402 231 
16 96 38 103 192 269 399 331 296 120 236 10 386 185 458 260 413 
44 339 101 157 97 54 432 453 212 273 55 234 81 275 159 311 370 122 340 10 390 261 266 208 307 24 144 215 135 50 474 70 388 24 226 411 3 107 386 214 379 367 374 385 164 
16 458 218 56 102 80 468 417 267 183 147 96 206 216 236 340 266 
3 158 410 102 
9 181 84 35 184 190 347 323 91 236 
27 219 475 399 199 142 380 226 147 296 165 413 1 238 434 207 453 118 69 167 202 404 269 308 11 303 14 200 
38 172 263 217 407 407 140 328 55 281 156 280 428 452 371 289 452 131 172 181 32 215 176 199 416 102 467 247 38 218 186 238 390 448 380 245 304 42 22 
35 358 249 177 86 199 151 456 413 52 109 33 158 67 248 333 265 112 361 180 358 324 397 470 10 235 366 389 3 192 357 427 72 128 126 158 
1 326 
2 203 62 
54 187 180 171 146 337 163 393 119 427 430 405 129 311 251 451 229 261 209 117 98 137 309 454 86 306 104 137 389 355 265 451 65 444 70 210 304 232 51 348 107 3 275 161 239 48 134 393 234 268 33 332 404 267 308 
6 12 21 412 75 410 215 
24 339 309 279 232 378 414 461 58 390 331 164 319 128 250 6 101 383 399 335 174 357 115 26 146 
20 422 441 166 282 38 24 20 302 332 224 56 158 87 39 141 476 295 304 243 422 
15 76 249 449 385 96 306 7 452 346 32 120 290 472 211 21 
11 435 235 40 186 15 189 241 99 275 206 239 
15 200 23 66 442 371 67 213 268 377 308 96 383 282 441 341 
17 327 179 261 61 199 219 221 164 404 161 279 93 259 76 224 21 275 
19 173 12 240 66 4 378 333 381 135 354 212 342 243 75 118 347 336 104 472 
14 3 324 84 332 410 362 424 192 438 97 138 161 269 75 
9 400 334 78 227 115 384 287 394 119 
12 151 85 193 268 431 51 371 425 456 143 435 310 
0 
25 76 319 183 193 279 279 256 440 70 330 288 329 333 440 369 240 249 285 358 326 369 476 42 248 453 
18 413 122 431 4 79 190 5 397 372 197 125 99 378 13 168 230 226 422 
13 86 189 313 251 363 46 131 211 340 55 253 110 30 
25 114 157 387 117 235 99 48 81 396 170 205 17 71 143 184 300 368 54 311 5 292 84 368 263 140 
5 27 125 195 205 160 
5 150 318 317 59 361 
110 477 83 408 80 1 100 210 420 170 278 126 396 169 105 229 99 396 313 392 181 452 419 231 169 146 391 245 390 156 229 199 81 312 129 87 238 154 296 181 250 23 232 168 191 337 396 289 181 157 204 288 132 71 41 226 142 357 470 54 438 222 252 445 459 306 54 219 386 275 325 158 297 80 251 413 342 95 151 448 252 280 258 309 350 225 460 14 30 453 471 468 123 171 435 30 403 414 174 311 211 22 394 31 27 167 443 294 187 42 264 
4 364 321 448 195 
29 193 121 178 133 150 79 52 66 127 222 426 156 73 362 329 383 96 350 225 52 302 317 420 118 27 462 308 390 305 
11 278 108 424 398 211 5 473 215 56 62 341 
78 203 10 19 276 372 347 107 393 146 332 370 373 171 238 14 197 148 247 36 379 450 69 325 370 279 329 365 16 384 352 356 35 362 300 310 182 95 417 23 166 271 318 62 367 78 1 13 152 247 48 53 145 116 377 37 320 154 327 335 60 128 139 20 12 364 330 119 458 269 67 73 465 384 134 280 387 60 292 
0 
1 61 
16 232 339 113 376 380 415 338 222 91 113 5 76 240 69 96 177 
6 432 425 221 339 142 287 
12 411 55 119 470 334 29 52 149 15 209 413 128 
30 107 316 468 444 60 82 79 468 157 245 59 252 421 14 125 165 278 192 451 211 246 93 203 29 47 180 177 464 388 38 
10 40 420 353 31 386 339 112 390 329 194 
29 157 387 372 27 326 19 191 126 137 90 262 382 108 390 410 80 92 35 67 405 73 106 347 351 136 181 212 247 20 
4 466 367 102 302 
14 261 128 150 205 244 202 341 334 389 246 367 302 104 447 
47 319 65 36 247 137 141 42 10 203 223 148 375 168 136 264 269 437 47 323 36 252 89 237 41 348 148 212 238 375 316 207 217 306 168 389 442 308 430 377 436 101 450 334 268 109 120 463 
42 471 93 308 29 270 322 191 310 193 265 45 430 88 286 85 304 114 252 215 4 8 94 380 444 194 353 300 388 387 345 373 306 437 129 261 229 450 451 62 165 164 106 
1 43 
1 252 
6 317 127 4 430 304 145 
16 433 312 238 261 204 431 62 429 267 374 296 162 203 256 290 463 
22 410 263 362 471 353 49 25 396 226 341 45 229 219 275 299 100 35 59 361 238 416 348 
24 189 205 245 410 367 447 188 105 358 121 367 242 40 169 216 468 87 441 331 57 119 476 331 417 
24 98 365 402 384 51 340 181 239 67 425 98 359 320 211 464 200 257 279 441 297 447 106 287 459 
8 69 66 39 113 467 295 53 14 
15 183 454 323 233 242 26 398 308 376 18 116 218 154 28 343 
84 411 232 233 230 202 338 442 109 332 433 147 445 423 442 423 436 73 325 207 231 89 233 77 396 131 20 437 275 174 464 66 107 219 224 262 346 10 152 454 342 107 50 309 455 417 180 339 415 27 69 94 115 227 171 436 357 116 396 80 289 308 72 321 49 295 31 320 305 182 223 95 215 272 329 192 137 31 457 74 57 48 167 97 274 
14 263 55 79 379 376 85 116 207 156 437 181 376 393 427 
17 129 98 172 223 238 369 477 355 28 30 334 27 12 381 119 108 103 
30 382 89 108 283 390 192 398 45 273 283 226 97 199 101 226 222 272 374 459 89 300 336 116 329 119 68 267 425 186 300 
51 51 90 388 158 298 301 275 145 345 70 353 19 166 74 45 317 221 316 140 128 404 439 390 445 216 31 35 5 455 147 305 28 162 141 111 460 367 385 53 161 454 405 105 69 405 150 385 148 391 450 276 
12 318 411 188 211 150 218 172 154 121 318 384 75 
4 405 451 185 387 
2 340 19 
16 439 426 398 293 54 466 220 203 300 367 42 272 91 359 132 278 
10 19 281 421 116 360 468 359 193 65 286 
14 166 175 122 431 193 83 380 114 301 359 28 43 10 253 
22 336 51 451 426 336 105 153 354 311 22 395 193 12 276 311 2 84 476 177 205 430 295 
31 214 258 334 37 139 362 6 148 63 341 124 36 215 459 140 293 261 450 241 178 92 252 453 402 180 60 401 356 190 279 99 
5 403 462 433 366 49 
15 317 371 122 379 160 245 341 374 227 3 116 10 379 356 114 
4 470 56 89 394 
3 235 74 243 
9 39 264 447 138 189 431 93 3 405 
15 335 373 49 162 55 294 25 355 446 28 470 381 406 274 17 
7 324 329 106 240 87 179 409 
16 125 368 378 188 6 258 280 8 185 137 381 160 225 361 453 249 
5 164 347 202 82 250 
2 56 355 
46 193 379 207 298 68 293 402 476 343 219 302 457 224 82 259 231 193 322 60 352 69 421 253 243 33 122 445 115 297 23 469 12 402 198 235 469 416 160 393 208 378 217 187 50 225 371 
7 280 417 215 340 291 209 209 
96 66 452 241 113 345 355 409 367 273 421 217 396 178 134 261 263 452 468 89 192 103 138 416 473 418 281 137 206 94 271 340 85 171 29 197 38 310 128 331 105 474 473 23 175 130 283 437 104 199 452 221 301 112 85 223 455 365 285 109 458 78 448 468 249 477 187 212 309 241 468 413 237 464 361 337 116 93 297 145 217 271 292 41 308 376 189 286 264 473 394 170 476 291 161 173 290 
22 273 385 121 439 375 459 199 361 268 58 402 286 280 473 26 476 213 469 233 111 180 41 
40 300 101 360 470 99 173 79 272 462 277 105 31 239 405 415 363 215 132 420 139 417 149 60 442 73 272 433 305 309 61 271 131 161 154 49 186 326 127 457 237 
4 404 10 193 91 
