init 2: 1 sq | 2 n | 2 q
-1,-1 -1,-1 
-1,-1 -1,-1 

init 6: 2 sq | 6 n | 3 q
-1,-1 -1,-1 -1,-1 -1,-1 -1,-1 -1,-1 
-1,-1 -1,-1 -1,-1 

init 2: 1 sq | 2 n | 2 q
-1,-1 -1,-1 
-1,-1 -1,-1 

0: 0| 0 0 -1
1: 0| 1 0 -1
2: 0| 0 1 -1
3: 0| 1 1 -1
4: 0| 1 4 -1
5: 0| 1 5 -1
6: 0| 1 2 -1
7: 0| 2 0 -1
8: 0| 2 1 -1
9: 0| 1 3 -1
query 0: 0,3:

0: 0 -1
1: 0 -1
2: 0 -1
3: 0 -1
4: 0 -1
5: 0 -1
6: 0 -1
7: 0 -1
8: 0 -1
9: 0 -1
-1 --> -1
0 same
upd 0: 0,0
upd range 0,2 0
0,0 -1,-1 
-1,-1 0,0 

upd 3: 3,3
upd range 0,1 3
upd range 1,6 3
0,3 1,3 -1,-1 -1,-1 -1,-1 -1,-1 
-1,-1 1,3 1,3 

6 3 0 2 5 1 9 8 7 4 
2 c
query 1: 1,6:
0 3 
0: 1 0
1: 0 3
2: 0 0
3: 1 3
4: 0 3
5: 0 3
6: 0 3
7: 0 -1
8: 0 -1
9: 0 3
3 --> 3
1 same
upd 1: 3,1
upd range 0,1 1
upd range 0,6 1
3,1 3,1 -1,-1 -1,-1 -1,-1 -1,-1 
-1,-1 3,1 3,1 

upd 6: 3,6
upd range 1,2 6
3,1 4,6 -1,-1 -1,-1 -1,-1 -1,-1 
-1,-1 3,1 3,1 

6 9 0 2 5 1 3 8 7 4 
3 c
query 2: 9,3:
0 3 1 6 
0: 1 0
1: 1 1
2: 0 0
3: 1 6
4: 0 1
5: 0 1
6: 1 1
7: 0 -1
8: 0 -1
9: 0 1
1 --> 3
9
0 same
upd 9: 6,9
upd range 2,3 9
3,1 4,6 5,9 -1,-1 -1,-1 -1,-1 
-1,-1 3,1 3,1 

6 9 0 4 5 1 3 8 7 2 
2 c
query 3: 7,9:
0 3 1 6 9 
0: 1 0
1: 1 1
2: 0 0
3: 1 6
4: 0 1
5: 0 1
6: 1 9
7: 0 -1
8: 0 -1
9: 1 1
-1 --> 9
0 same
upd 7: 7,7
upd range 0,2 7
0,7 -1,-1 
-1,-1 0,7 

6 9 0 4 5 1 3 2 7 8 
1 c
query 4: 8,3:
0 3 1 6 9 7 
0: 1 0
1: 1 1
2: 0 0
3: 1 6
4: 0 1
5: 0 1
6: 1 9
7: 1 7
8: 0 7
9: 1 1
7 --> 3
2
0
6
1 same
upd 8: 7,8
upd range 0,1 8
1,8 -1,-1 
-1,-1 0,7 

6 9 0 7 5 1 3 2 4 8 
2 c
query 5: 2,5:
0 3 1 6 9 7 8 
0: 1 0
1: 1 1
2: 0 0
3: 1 6
4: 0 1
5: 0 1
6: 1 9
7: 1 8
8: 1 7
9: 1 1
0 --> 1
6
3
7
2
0 same
upd 2: 0,2
upd range 0,1 2
1,2 -1,-1 
-1,-1 0,0 

upd 5: 9,5
upd range 3,5 5
3,1 4,6 5,9 6,5 6,5 -1,-1 
-1,-1 3,1 3,1 

6 9 1 7 5 0 3 2 4 8 
1 c
query 6: 0,3:
0 3 1 6 9 7 8 2 5 
0: 1 2
1: 1 1
2: 1 0
3: 1 6
4: 0 5
5: 1 1
6: 1 9
7: 1 8
8: 1 7
9: 1 5
0 --> 3
6
1 same
7 9 1 6 5 0 3 2 4 8 
2 c
-1 4 -1 4 -1 4 -1 4 
Caso 1: Respuesta correcta :)
