95
1551 635917 7
0 1000000000000000000 1
9929 160753 4
3725 832955 1
9352 507517 9
100000 1000000000000000000 3
6916 519450 6
5630 555906 6
5759 165757 6
3568 887100 8
1516 476245 5
121 121 11
7243 39232 6
4401 792858 5
5649 246089 1
258 978067 6
8483 164651 3
1616 875376 6
3748 207521 4
6153 882984 8
7998 968182 1
1000000000 1000000000000000000 1
121 131 1
3459 893118 8
1002 914907 8
21345 4441283 13
2871 611476 1
4609 64949 8
1209 371972 7
7558 716225 8
121 132 1
5541 34105 7
8145 485026 9
701 837097 8
2965 769993 4
9385 146808 1
4766 385349 3
3901 458931 4
5992 237133 9
3376 156586 6
2519 171840 3
8892 186601 5
8129 512819 4
3825 934105 6
400 793131 4
8984 321196 7
4370 274443 1
9332 549970 6
6311 744038 5
5811 811662 1
8989 909410 5
6673 645665 9
8764 690922 4
3491 376189 1
1813 539974 3
2433 588437 7
9481 668314 4
5272 393026 2
7977 626769 9
6574 530230 2
332 539995 7
5230 55195 9
22322 22322 1
0 100 2
646 753992 3
1396 974496 5
2851 217912 4
39 1000000 3
10 22322 2
2228 961000 6
7597 115191 5
378 659223 5
0 132 1
9628 221919 9
1056 45030 4
490 499674 1
3976 759716 7
2684 313879 3
2789 205886 5
886 56750 8
1363 123520 8
999 99999 78788
34432 9999920 222
3127 909969 3
5579 763362 2
4131 988357 1
2035 587687 6
2590 45700 5
9151 163110 6
0 1000000000000000000 1000000000
5303 577653 4
4945 279540 7
9523 81976 5
2428 914457 2
8135 346033 4
