100
4 3 4 3 4 3 4 5 4 5 6 5 6 7 6 7 8 9 8 9 10 11 10 11 12 13 12 13 14 15 14 15 16 17 16 17 18 19 18 19 20 21 20 21 22 23 22 23 24 25 24 25 26 27 26 27 28 29 28 29 30 31 30 31 32 33 32 33 34 35 34 35 36 37 36 37 38 39 38 39 40 41 40 41 42 43 42 43 44 45 44 45 46 47 46 47 48 49 48 49
3 4 3 4 3 4 3 4 5 4 5 6 5 6 7 8 7 8 9 10 9 10 11 12 11 12 13 14 13 14 15 16 15 16 17 18 17 18 19 20 19 20 21 22 21 22 23 24 23 24 25 26 25 26 27 28 27 28 29 30 29 30 31 32 31 32 33 34 33 34 35 36 35 36 37 38 37 38 39 40 39 40 41 42 41 42 43 44 43 44 45 46 45 46 47 48 47 48 49 50
2 3 2 3 2 3 4 3 4 5 4 5 6 7 6 7 8 9 8 9 10 11 10 11 12 13 12 13 14 15 14 15 16 17 16 17 18 19 18 19 20 21 20 21 22 23 22 23 24 25 24 25 26 27 26 27 28 29 28 29 30 31 30 31 32 33 32 33 34 35 34 35 36 37 36 37 38 39 38 39 40 41 40 41 42 43 42 43 44 45 44 45 46 47 46 47 48 49 48 49
3 2 3 2 3 2 3 4 3 4 5 6 5 6 7 8 7 8 9 10 9 10 11 12 11 12 13 14 13 14 15 16 15 16 17 18 17 18 19 20 19 20 21 22 21 22 23 24 23 24 25 26 25 26 27 28 27 28 29 30 29 30 31 32 31 32 33 34 33 34 35 36 35 36 37 38 37 38 39 40 39 40 41 42 41 42 43 44 43 44 45 46 45 46 47 48 47 48 49 50
4 1 2 1 4 3 2 3 4 5 4 5 6 7 6 7 8 9 8 9 10 11 10 11 12 13 12 13 14 15 14 15 16 17 16 17 18 19 18 19 20 21 20 21 22 23 22 23 24 25 24 25 26 27 26 27 28 29 28 29 30 31 30 31 32 33 32 33 34 35 34 35 36 37 36 37 38 39 38 39 40 41 40 41 42 43 42 43 44 45 44 45 46 47 46 47 48 49 48 49
1 2 3 2 1 2 3 4 3 4 5 6 5 6 7 8 7 8 9 10 9 10 11 12 11 12 13 14 13 14 15 16 15 16 17 18 17 18 19 20 19 20 21 22 21 22 23 24 23 24 25 26 25 26 27 28 27 28 29 30 29 30 31 32 31 32 33 34 33 34 35 36 35 36 37 38 37 38 39 40 39 40 41 42 41 42 43 44 43 44 45 46 45 46 47 48 47 48 49 50
2 3 0 3 2 3 2 3 4 5 4 5 6 7 6 7 8 9 8 9 10 11 10 11 12 13 12 13 14 15 14 15 16 17 16 17 18 19 18 19 20 21 20 21 22 23 22 23 24 25 24 25 26 27 26 27 28 29 28 29 30 31 30 31 32 33 32 33 34 35 34 35 36 37 36 37 38 39 38 39 40 41 40 41 42 43 42 43 44 45 44 45 46 47 46 47 48 49 48 49
1 2 3 2 1 2 3 4 3 4 5 6 5 6 7 8 7 8 9 10 9 10 11 12 11 12 13 14 13 14 15 16 15 16 17 18 17 18 19 20 19 20 21 22 21 22 23 24 23 24 25 26 25 26 27 28 27 28 29 30 29 30 31 32 31 32 33 34 33 34 35 36 35 36 37 38 37 38 39 40 39 40 41 42 41 42 43 44 43 44 45 46 45 46 47 48 47 48 49 50
4 1 2 1 4 3 2 3 4 5 4 5 6 7 6 7 8 9 8 9 10 11 10 11 12 13 12 13 14 15 14 15 16 17 16 17 18 19 18 19 20 21 20 21 22 23 22 23 24 25 24 25 26 27 26 27 28 29 28 29 30 31 30 31 32 33 32 33 34 35 34 35 36 37 36 37 38 39 38 39 40 41 40 41 42 43 42 43 44 45 44 45 46 47 46 47 48 49 48 49
3 2 3 2 3 2 3 4 3 4 5 6 5 6 7 8 7 8 9 10 9 10 11 12 11 12 13 14 13 14 15 16 15 16 17 18 17 18 19 20 19 20 21 22 21 22 23 24 23 24 25 26 25 26 27 28 27 28 29 30 29 30 31 32 31 32 33 34 33 34 35 36 35 36 37 38 37 38 39 40 39 40 41 42 41 42 43 44 43 44 45 46 45 46 47 48 47 48 49 50
2 3 2 3 2 3 4 3 4 5 4 5 6 7 6 7 8 9 8 9 10 11 10 11 12 13 12 13 14 15 14 15 16 17 16 17 18 19 18 19 20 21 20 21 22 23 22 23 24 25 24 25 26 27 26 27 28 29 28 29 30 31 30 31 32 33 32 33 34 35 34 35 36 37 36 37 38 39 38 39 40 41 40 41 42 43 42 43 44 45 44 45 46 47 46 47 48 49 48 49
3 4 3 4 3 4 3 4 5 4 5 6 5 6 7 8 7 8 9 10 9 10 11 12 11 12 13 14 13 14 15 16 15 16 17 18 17 18 19 20 19 20 21 22 21 22 23 24 23 24 25 26 25 26 27 28 27 28 29 30 29 30 31 32 31 32 33 34 33 34 35 36 35 36 37 38 37 38 39 40 39 40 41 42 41 42 43 44 43 44 45 46 45 46 47 48 47 48 49 50
4 3 4 3 4 3 4 5 4 5 6 5 6 7 6 7 8 9 8 9 10 11 10 11 12 13 12 13 14 15 14 15 16 17 16 17 18 19 18 19 20 21 20 21 22 23 22 23 24 25 24 25 26 27 26 27 28 29 28 29 30 31 30 31 32 33 32 33 34 35 34 35 36 37 36 37 38 39 38 39 40 41 40 41 42 43 42 43 44 45 44 45 46 47 46 47 48 49 48 49
5 4 5 4 5 4 5 4 5 6 5 6 7 6 7 8 7 8 9 10 9 10 11 12 11 12 13 14 13 14 15 16 15 16 17 18 17 18 19 20 19 20 21 22 21 22 23 24 23 24 25 26 25 26 27 28 27 28 29 30 29 30 31 32 31 32 33 34 33 34 35 36 35 36 37 38 37 38 39 40 39 40 41 42 41 42 43 44 43 44 45 46 45 46 47 48 47 48 49 50
4 5 4 5 4 5 4 5 6 5 6 7 6 7 8 7 8 9 8 9 10 11 10 11 12 13 12 13 14 15 14 15 16 17 16 17 18 19 18 19 20 21 20 21 22 23 22 23 24 25 24 25 26 27 26 27 28 29 28 29 30 31 30 31 32 33 32 33 34 35 34 35 36 37 36 37 38 39 38 39 40 41 40 41 42 43 42 43 44 45 44 45 46 47 46 47 48 49 48 49
5 6 5 6 5 6 5 6 5 6 7 6 7 8 7 8 9 8 9 10 9 10 11 12 11 12 13 14 13 14 15 16 15 16 17 18 17 18 19 20 19 20 21 22 21 22 23 24 23 24 25 26 25 26 27 28 27 28 29 30 29 30 31 32 31 32 33 34 33 34 35 36 35 36 37 38 37 38 39 40 39 40 41 42 41 42 43 44 43 44 45 46 45 46 47 48 47 48 49 50
6 5 6 5 6 5 6 5 6 7 6 7 8 7 8 9 8 9 10 9 10 11 10 11 12 13 12 13 14 15 14 15 16 17 16 17 18 19 18 19 20 21 20 21 22 23 22 23 24 25 24 25 26 27 26 27 28 29 28 29 30 31 30 31 32 33 32 33 34 35 34 35 36 37 36 37 38 39 38 39 40 41 40 41 42 43 42 43 44 45 44 45 46 47 46 47 48 49 48 49
7 6 7 6 7 6 7 6 7 6 7 8 7 8 9 8 9 10 9 10 11 10 11 12 11 12 13 14 13 14 15 16 15 16 17 18 17 18 19 20 19 20 21 22 21 22 23 24 23 24 25 26 25 26 27 28 27 28 29 30 29 30 31 32 31 32 33 34 33 34 35 36 35 36 37 38 37 38 39 40 39 40 41 42 41 42 43 44 43 44 45 46 45 46 47 48 47 48 49 50
6 7 6 7 6 7 6 7 6 7 8 7 8 9 8 9 10 9 10 11 10 11 12 11 12 13 12 13 14 15 14 15 16 17 16 17 18 19 18 19 20 21 20 21 22 23 22 23 24 25 24 25 26 27 26 27 28 29 28 29 30 31 30 31 32 33 32 33 34 35 34 35 36 37 36 37 38 39 38 39 40 41 40 41 42 43 42 43 44 45 44 45 46 47 46 47 48 49 48 49
7 8 7 8 7 8 7 8 7 8 7 8 9 8 9 10 9 10 11 10 11 12 11 12 13 12 13 14 13 14 15 16 15 16 17 18 17 18 19 20 19 20 21 22 21 22 23 24 23 24 25 26 25 26 27 28 27 28 29 30 29 30 31 32 31 32 33 34 33 34 35 36 35 36 37 38 37 38 39 40 39 40 41 42 41 42 43 44 43 44 45 46 45 46 47 48 47 48 49 50
8 7 8 7 8 7 8 7 8 7 8 9 8 9 10 9 10 11 10 11 12 11 12 13 12 13 14 13 14 15 14 15 16 17 16 17 18 19 18 19 20 21 20 21 22 23 22 23 24 25 24 25 26 27 26 27 28 29 28 29 30 31 30 31 32 33 32 33 34 35 34 35 36 37 36 37 38 39 38 39 40 41 40 41 42 43 42 43 44 45 44 45 46 47 46 47 48 49 48 49
9 8 9 8 9 8 9 8 9 8 9 8 9 10 9 10 11 10 11 12 11 12 13 12 13 14 13 14 15 14 15 16 15 16 17 18 17 18 19 20 19 20 21 22 21 22 23 24 23 24 25 26 25 26 27 28 27 28 29 30 29 30 31 32 31 32 33 34 33 34 35 36 35 36 37 38 37 38 39 40 39 40 41 42 41 42 43 44 43 44 45 46 45 46 47 48 47 48 49 50
8 9 8 9 8 9 8 9 8 9 8 9 10 9 10 11 10 11 12 11 12 13 12 13 14 13 14 15 14 15 16 15 16 17 16 17 18 19 18 19 20 21 20 21 22 23 22 23 24 25 24 25 26 27 26 27 28 29 28 29 30 31 30 31 32 33 32 33 34 35 34 35 36 37 36 37 38 39 38 39 40 41 40 41 42 43 42 43 44 45 44 45 46 47 46 47 48 49 48 49
9 10 9 10 9 10 9 10 9 10 9 10 9 10 11 10 11 12 11 12 13 12 13 14 13 14 15 14 15 16 15 16 17 16 17 18 17 18 19 20 19 20 21 22 21 22 23 24 23 24 25 26 25 26 27 28 27 28 29 30 29 30 31 32 31 32 33 34 33 34 35 36 35 36 37 38 37 38 39 40 39 40 41 42 41 42 43 44 43 44 45 46 45 46 47 48 47 48 49 50
10 9 10 9 10 9 10 9 10 9 10 9 10 11 10 11 12 11 12 13 12 13 14 13 14 15 14 15 16 15 16 17 16 17 18 17 18 19 18 19 20 21 20 21 22 23 22 23 24 25 24 25 26 27 26 27 28 29 28 29 30 31 30 31 32 33 32 33 34 35 34 35 36 37 36 37 38 39 38 39 40 41 40 41 42 43 42 43 44 45 44 45 46 47 46 47 48 49 48 49
11 10 11 10 11 10 11 10 11 10 11 10 11 10 11 12 11 12 13 12 13 14 13 14 15 14 15 16 15 16 17 16 17 18 17 18 19 18 19 20 19 20 21 22 21 22 23 24 23 24 25 26 25 26 27 28 27 28 29 30 29 30 31 32 31 32 33 34 33 34 35 36 35 36 37 38 37 38 39 40 39 40 41 42 41 42 43 44 43 44 45 46 45 46 47 48 47 48 49 50
10 11 10 11 10 11 10 11 10 11 10 11 10 11 12 11 12 13 12 13 14 13 14 15 14 15 16 15 16 17 16 17 18 17 18 19 18 19 20 19 20 21 20 21 22 23 22 23 24 25 24 25 26 27 26 27 28 29 28 29 30 31 30 31 32 33 32 33 34 35 34 35 36 37 36 37 38 39 38 39 40 41 40 41 42 43 42 43 44 45 44 45 46 47 46 47 48 49 48 49
11 12 11 12 11 12 11 12 11 12 11 12 11 12 11 12 13 12 13 14 13 14 15 14 15 16 15 16 17 16 17 18 17 18 19 18 19 20 19 20 21 20 21 22 21 22 23 24 23 24 25 26 25 26 27 28 27 28 29 30 29 30 31 32 31 32 33 34 33 34 35 36 35 36 37 38 37 38 39 40 39 40 41 42 41 42 43 44 43 44 45 46 45 46 47 48 47 48 49 50
12 11 12 11 12 11 12 11 12 11 12 11 12 11 12 13 12 13 14 13 14 15 14 15 16 15 16 17 16 17 18 17 18 19 18 19 20 19 20 21 20 21 22 21 22 23 22 23 24 25 24 25 26 27 26 27 28 29 28 29 30 31 30 31 32 33 32 33 34 35 34 35 36 37 36 37 38 39 38 39 40 41 40 41 42 43 42 43 44 45 44 45 46 47 46 47 48 49 48 49
13 12 13 12 13 12 13 12 13 12 13 12 13 12 13 12 13 14 13 14 15 14 15 16 15 16 17 16 17 18 17 18 19 18 19 20 19 20 21 20 21 22 21 22 23 22 23 24 23 24 25 26 25 26 27 28 27 28 29 30 29 30 31 32 31 32 33 34 33 34 35 36 35 36 37 38 37 38 39 40 39 40 41 42 41 42 43 44 43 44 45 46 45 46 47 48 47 48 49 50
12 13 12 13 12 13 12 13 12 13 12 13 12 13 12 13 14 13 14 15 14 15 16 15 16 17 16 17 18 17 18 19 18 19 20 19 20 21 20 21 22 21 22 23 22 23 24 23 24 25 24 25 26 27 26 27 28 29 28 29 30 31 30 31 32 33 32 33 34 35 34 35 36 37 36 37 38 39 38 39 40 41 40 41 42 43 42 43 44 45 44 45 46 47 46 47 48 49 48 49
13 14 13 14 13 14 13 14 13 14 13 14 13 14 13 14 13 14 15 14 15 16 15 16 17 16 17 18 17 18 19 18 19 20 19 20 21 20 21 22 21 22 23 22 23 24 23 24 25 24 25 26 25 26 27 28 27 28 29 30 29 30 31 32 31 32 33 34 33 34 35 36 35 36 37 38 37 38 39 40 39 40 41 42 41 42 43 44 43 44 45 46 45 46 47 48 47 48 49 50
14 13 14 13 14 13 14 13 14 13 14 13 14 13 14 13 14 15 14 15 16 15 16 17 16 17 18 17 18 19 18 19 20 19 20 21 20 21 22 21 22 23 22 23 24 23 24 25 24 25 26 25 26 27 26 27 28 29 28 29 30 31 30 31 32 33 32 33 34 35 34 35 36 37 36 37 38 39 38 39 40 41 40 41 42 43 42 43 44 45 44 45 46 47 46 47 48 49 48 49
15 14 15 14 15 14 15 14 15 14 15 14 15 14 15 14 15 14 15 16 15 16 17 16 17 18 17 18 19 18 19 20 19 20 21 20 21 22 21 22 23 22 23 24 23 24 25 24 25 26 25 26 27 26 27 28 27 28 29 30 29 30 31 32 31 32 33 34 33 34 35 36 35 36 37 38 37 38 39 40 39 40 41 42 41 42 43 44 43 44 45 46 45 46 47 48 47 48 49 50
14 15 14 15 14 15 14 15 14 15 14 15 14 15 14 15 14 15 16 15 16 17 16 17 18 17 18 19 18 19 20 19 20 21 20 21 22 21 22 23 22 23 24 23 24 25 24 25 26 25 26 27 26 27 28 27 28 29 28 29 30 31 30 31 32 33 32 33 34 35 34 35 36 37 36 37 38 39 38 39 40 41 40 41 42 43 42 43 44 45 44 45 46 47 46 47 48 49 48 49
15 16 15 16 15 16 15 16 15 16 15 16 15 16 15 16 15 16 15 16 17 16 17 18 17 18 19 18 19 20 19 20 21 20 21 22 21 22 23 22 23 24 23 24 25 24 25 26 25 26 27 26 27 28 27 28 29 28 29 30 29 30 31 32 31 32 33 34 33 34 35 36 35 36 37 38 37 38 39 40 39 40 41 42 41 42 43 44 43 44 45 46 45 46 47 48 47 48 49 50
16 15 16 15 16 15 16 15 16 15 16 15 16 15 16 15 16 15 16 17 16 17 18 17 18 19 18 19 20 19 20 21 20 21 22 21 22 23 22 23 24 23 24 25 24 25 26 25 26 27 26 27 28 27 28 29 28 29 30 29 30 31 30 31 32 33 32 33 34 35 34 35 36 37 36 37 38 39 38 39 40 41 40 41 42 43 42 43 44 45 44 45 46 47 46 47 48 49 48 49
17 16 17 16 17 16 17 16 17 16 17 16 17 16 17 16 17 16 17 16 17 18 17 18 19 18 19 20 19 20 21 20 21 22 21 22 23 22 23 24 23 24 25 24 25 26 25 26 27 26 27 28 27 28 29 28 29 30 29 30 31 30 31 32 31 32 33 34 33 34 35 36 35 36 37 38 37 38 39 40 39 40 41 42 41 42 43 44 43 44 45 46 45 46 47 48 47 48 49 50
16 17 16 17 16 17 16 17 16 17 16 17 16 17 16 17 16 17 16 17 18 17 18 19 18 19 20 19 20 21 20 21 22 21 22 23 22 23 24 23 24 25 24 25 26 25 26 27 26 27 28 27 28 29 28 29 30 29 30 31 30 31 32 31 32 33 32 33 34 35 34 35 36 37 36 37 38 39 38 39 40 41 40 41 42 43 42 43 44 45 44 45 46 47 46 47 48 49 48 49
17 18 17 18 17 18 17 18 17 18 17 18 17 18 17 18 17 18 17 18 17 18 19 18 19 20 19 20 21 20 21 22 21 22 23 22 23 24 23 24 25 24 25 26 25 26 27 26 27 28 27 28 29 28 29 30 29 30 31 30 31 32 31 32 33 32 33 34 33 34 35 36 35 36 37 38 37 38 39 40 39 40 41 42 41 42 43 44 43 44 45 46 45 46 47 48 47 48 49 50
18 17 18 17 18 17 18 17 18 17 18 17 18 17 18 17 18 17 18 17 18 19 18 19 20 19 20 21 20 21 22 21 22 23 22 23 24 23 24 25 24 25 26 25 26 27 26 27 28 27 28 29 28 29 30 29 30 31 30 31 32 31 32 33 32 33 34 33 34 35 34 35 36 37 36 37 38 39 38 39 40 41 40 41 42 43 42 43 44 45 44 45 46 47 46 47 48 49 48 49
19 18 19 18 19 18 19 18 19 18 19 18 19 18 19 18 19 18 19 18 19 18 19 20 19 20 21 20 21 22 21 22 23 22 23 24 23 24 25 24 25 26 25 26 27 26 27 28 27 28 29 28 29 30 29 30 31 30 31 32 31 32 33 32 33 34 33 34 35 34 35 36 35 36 37 38 37 38 39 40 39 40 41 42 41 42 43 44 43 44 45 46 45 46 47 48 47 48 49 50
18 19 18 19 18 19 18 19 18 19 18 19 18 19 18 19 18 19 18 19 18 19 20 19 20 21 20 21 22 21 22 23 22 23 24 23 24 25 24 25 26 25 26 27 26 27 28 27 28 29 28 29 30 29 30 31 30 31 32 31 32 33 32 33 34 33 34 35 34 35 36 35 36 37 36 37 38 39 38 39 40 41 40 41 42 43 42 43 44 45 44 45 46 47 46 47 48 49 48 49
19 20 19 20 19 20 19 20 19 20 19 20 19 20 19 20 19 20 19 20 19 20 19 20 21 20 21 22 21 22 23 22 23 24 23 24 25 24 25 26 25 26 27 26 27 28 27 28 29 28 29 30 29 30 31 30 31 32 31 32 33 32 33 34 33 34 35 34 35 36 35 36 37 36 37 38 37 38 39 40 39 40 41 42 41 42 43 44 43 44 45 46 45 46 47 48 47 48 49 50
20 19 20 19 20 19 20 19 20 19 20 19 20 19 20 19 20 19 20 19 20 19 20 21 20 21 22 21 22 23 22 23 24 23 24 25 24 25 26 25 26 27 26 27 28 27 28 29 28 29 30 29 30 31 30 31 32 31 32 33 32 33 34 33 34 35 34 35 36 35 36 37 36 37 38 37 38 39 38 39 40 41 40 41 42 43 42 43 44 45 44 45 46 47 46 47 48 49 48 49
21 20 21 20 21 20 21 20 21 20 21 20 21 20 21 20 21 20 21 20 21 20 21 20 21 22 21 22 23 22 23 24 23 24 25 24 25 26 25 26 27 26 27 28 27 28 29 28 29 30 29 30 31 30 31 32 31 32 33 32 33 34 33 34 35 34 35 36 35 36 37 36 37 38 37 38 39 38 39 40 39 40 41 42 41 42 43 44 43 44 45 46 45 46 47 48 47 48 49 50
20 21 20 21 20 21 20 21 20 21 20 21 20 21 20 21 20 21 20 21 20 21 20 21 22 21 22 23 22 23 24 23 24 25 24 25 26 25 26 27 26 27 28 27 28 29 28 29 30 29 30 31 30 31 32 31 32 33 32 33 34 33 34 35 34 35 36 35 36 37 36 37 38 37 38 39 38 39 40 39 40 41 40 41 42 43 42 43 44 45 44 45 46 47 46 47 48 49 48 49
21 22 21 22 21 22 21 22 21 22 21 22 21 22 21 22 21 22 21 22 21 22 21 22 21 22 23 22 23 24 23 24 25 24 25 26 25 26 27 26 27 28 27 28 29 28 29 30 29 30 31 30 31 32 31 32 33 32 33 34 33 34 35 34 35 36 35 36 37 36 37 38 37 38 39 38 39 40 39 40 41 40 41 42 41 42 43 44 43 44 45 46 45 46 47 48 47 48 49 50
22 21 22 21 22 21 22 21 22 21 22 21 22 21 22 21 22 21 22 21 22 21 22 21 22 23 22 23 24 23 24 25 24 25 26 25 26 27 26 27 28 27 28 29 28 29 30 29 30 31 30 31 32 31 32 33 32 33 34 33 34 35 34 35 36 35 36 37 36 37 38 37 38 39 38 39 40 39 40 41 40 41 42 41 42 43 42 43 44 45 44 45 46 47 46 47 48 49 48 49
23 22 23 22 23 22 23 22 23 22 23 22 23 22 23 22 23 22 23 22 23 22 23 22 23 22 23 24 23 24 25 24 25 26 25 26 27 26 27 28 27 28 29 28 29 30 29 30 31 30 31 32 31 32 33 32 33 34 33 34 35 34 35 36 35 36 37 36 37 38 37 38 39 38 39 40 39 40 41 40 41 42 41 42 43 42 43 44 43 44 45 46 45 46 47 48 47 48 49 50
22 23 22 23 22 23 22 23 22 23 22 23 22 23 22 23 22 23 22 23 22 23 22 23 22 23 24 23 24 25 24 25 26 25 26 27 26 27 28 27 28 29 28 29 30 29 30 31 30 31 32 31 32 33 32 33 34 33 34 35 34 35 36 35 36 37 36 37 38 37 38 39 38 39 40 39 40 41 40 41 42 41 42 43 42 43 44 43 44 45 44 45 46 47 46 47 48 49 48 49
23 24 23 24 23 24 23 24 23 24 23 24 23 24 23 24 23 24 23 24 23 24 23 24 23 24 23 24 25 24 25 26 25 26 27 26 27 28 27 28 29 28 29 30 29 30 31 30 31 32 31 32 33 32 33 34 33 34 35 34 35 36 35 36 37 36 37 38 37 38 39 38 39 40 39 40 41 40 41 42 41 42 43 42 43 44 43 44 45 44 45 46 45 46 47 48 47 48 49 50
24 23 24 23 24 23 24 23 24 23 24 23 24 23 24 23 24 23 24 23 24 23 24 23 24 23 24 25 24 25 26 25 26 27 26 27 28 27 28 29 28 29 30 29 30 31 30 31 32 31 32 33 32 33 34 33 34 35 34 35 36 35 36 37 36 37 38 37 38 39 38 39 40 39 40 41 40 41 42 41 42 43 42 43 44 43 44 45 44 45 46 45 46 47 46 47 48 49 48 49
25 24 25 24 25 24 25 24 25 24 25 24 25 24 25 24 25 24 25 24 25 24 25 24 25 24 25 24 25 26 25 26 27 26 27 28 27 28 29 28 29 30 29 30 31 30 31 32 31 32 33 32 33 34 33 34 35 34 35 36 35 36 37 36 37 38 37 38 39 38 39 40 39 40 41 40 41 42 41 42 43 42 43 44 43 44 45 44 45 46 45 46 47 46 47 48 47 48 49 50
24 25 24 25 24 25 24 25 24 25 24 25 24 25 24 25 24 25 24 25 24 25 24 25 24 25 24 25 26 25 26 27 26 27 28 27 28 29 28 29 30 29 30 31 30 31 32 31 32 33 32 33 34 33 34 35 34 35 36 35 36 37 36 37 38 37 38 39 38 39 40 39 40 41 40 41 42 41 42 43 42 43 44 43 44 45 44 45 46 45 46 47 46 47 48 47 48 49 48 49
25 26 25 26 25 26 25 26 25 26 25 26 25 26 25 26 25 26 25 26 25 26 25 26 25 26 25 26 25 26 27 26 27 28 27 28 29 28 29 30 29 30 31 30 31 32 31 32 33 32 33 34 33 34 35 34 35 36 35 36 37 36 37 38 37 38 39 38 39 40 39 40 41 40 41 42 41 42 43 42 43 44 43 44 45 44 45 46 45 46 47 46 47 48 47 48 49 48 49 50
26 25 26 25 26 25 26 25 26 25 26 25 26 25 26 25 26 25 26 25 26 25 26 25 26 25 26 25 26 27 26 27 28 27 28 29 28 29 30 29 30 31 30 31 32 31 32 33 32 33 34 33 34 35 34 35 36 35 36 37 36 37 38 37 38 39 38 39 40 39 40 41 40 41 42 41 42 43 42 43 44 43 44 45 44 45 46 45 46 47 46 47 48 47 48 49 48 49 50 49
27 26 27 26 27 26 27 26 27 26 27 26 27 26 27 26 27 26 27 26 27 26 27 26 27 26 27 26 27 26 27 28 27 28 29 28 29 30 29 30 31 30 31 32 31 32 33 32 33 34 33 34 35 34 35 36 35 36 37 36 37 38 37 38 39 38 39 40 39 40 41 40 41 42 41 42 43 42 43 44 43 44 45 44 45 46 45 46 47 46 47 48 47 48 49 48 49 50 49 50
26 27 26 27 26 27 26 27 26 27 26 27 26 27 26 27 26 27 26 27 26 27 26 27 26 27 26 27 26 27 28 27 28 29 28 29 30 29 30 31 30 31 32 31 32 33 32 33 34 33 34 35 34 35 36 35 36 37 36 37 38 37 38 39 38 39 40 39 40 41 40 41 42 41 42 43 42 43 44 43 44 45 44 45 46 45 46 47 46 47 48 47 48 49 48 49 50 49 50 51
27 28 27 28 27 28 27 28 27 28 27 28 27 28 27 28 27 28 27 28 27 28 27 28 27 28 27 28 27 28 27 28 29 28 29 30 29 30 31 30 31 32 31 32 33 32 33 34 33 34 35 34 35 36 35 36 37 36 37 38 37 38 39 38 39 40 39 40 41 40 41 42 41 42 43 42 43 44 43 44 45 44 45 46 45 46 47 46 47 48 47 48 49 48 49 50 49 50 51 50
28 27 28 27 28 27 28 27 28 27 28 27 28 27 28 27 28 27 28 27 28 27 28 27 28 27 28 27 28 27 28 29 28 29 30 29 30 31 30 31 32 31 32 33 32 33 34 33 34 35 34 35 36 35 36 37 36 37 38 37 38 39 38 39 40 39 40 41 40 41 42 41 42 43 42 43 44 43 44 45 44 45 46 45 46 47 46 47 48 47 48 49 48 49 50 49 50 51 50 51
29 28 29 28 29 28 29 28 29 28 29 28 29 28 29 28 29 28 29 28 29 28 29 28 29 28 29 28 29 28 29 28 29 30 29 30 31 30 31 32 31 32 33 32 33 34 33 34 35 34 35 36 35 36 37 36 37 38 37 38 39 38 39 40 39 40 41 40 41 42 41 42 43 42 43 44 43 44 45 44 45 46 45 46 47 46 47 48 47 48 49 48 49 50 49 50 51 50 51 52
28 29 28 29 28 29 28 29 28 29 28 29 28 29 28 29 28 29 28 29 28 29 28 29 28 29 28 29 28 29 28 29 30 29 30 31 30 31 32 31 32 33 32 33 34 33 34 35 34 35 36 35 36 37 36 37 38 37 38 39 38 39 40 39 40 41 40 41 42 41 42 43 42 43 44 43 44 45 44 45 46 45 46 47 46 47 48 47 48 49 48 49 50 49 50 51 50 51 52 51
29 30 29 30 29 30 29 30 29 30 29 30 29 30 29 30 29 30 29 30 29 30 29 30 29 30 29 30 29 30 29 30 29 30 31 30 31 32 31 32 33 32 33 34 33 34 35 34 35 36 35 36 37 36 37 38 37 38 39 38 39 40 39 40 41 40 41 42 41 42 43 42 43 44 43 44 45 44 45 46 45 46 47 46 47 48 47 48 49 48 49 50 49 50 51 50 51 52 51 52
30 29 30 29 30 29 30 29 30 29 30 29 30 29 30 29 30 29 30 29 30 29 30 29 30 29 30 29 30 29 30 29 30 31 30 31 32 31 32 33 32 33 34 33 34 35 34 35 36 35 36 37 36 37 38 37 38 39 38 39 40 39 40 41 40 41 42 41 42 43 42 43 44 43 44 45 44 45 46 45 46 47 46 47 48 47 48 49 48 49 50 49 50 51 50 51 52 51 52 53
31 30 31 30 31 30 31 30 31 30 31 30 31 30 31 30 31 30 31 30 31 30 31 30 31 30 31 30 31 30 31 30 31 30 31 32 31 32 33 32 33 34 33 34 35 34 35 36 35 36 37 36 37 38 37 38 39 38 39 40 39 40 41 40 41 42 41 42 43 42 43 44 43 44 45 44 45 46 45 46 47 46 47 48 47 48 49 48 49 50 49 50 51 50 51 52 51 52 53 52
30 31 30 31 30 31 30 31 30 31 30 31 30 31 30 31 30 31 30 31 30 31 30 31 30 31 30 31 30 31 30 31 30 31 32 31 32 33 32 33 34 33 34 35 34 35 36 35 36 37 36 37 38 37 38 39 38 39 40 39 40 41 40 41 42 41 42 43 42 43 44 43 44 45 44 45 46 45 46 47 46 47 48 47 48 49 48 49 50 49 50 51 50 51 52 51 52 53 52 53
31 32 31 32 31 32 31 32 31 32 31 32 31 32 31 32 31 32 31 32 31 32 31 32 31 32 31 32 31 32 31 32 31 32 31 32 33 32 33 34 33 34 35 34 35 36 35 36 37 36 37 38 37 38 39 38 39 40 39 40 41 40 41 42 41 42 43 42 43 44 43 44 45 44 45 46 45 46 47 46 47 48 47 48 49 48 49 50 49 50 51 50 51 52 51 52 53 52 53 54
32 31 32 31 32 31 32 31 32 31 32 31 32 31 32 31 32 31 32 31 32 31 32 31 32 31 32 31 32 31 32 31 32 31 32 33 32 33 34 33 34 35 34 35 36 35 36 37 36 37 38 37 38 39 38 39 40 39 40 41 40 41 42 41 42 43 42 43 44 43 44 45 44 45 46 45 46 47 46 47 48 47 48 49 48 49 50 49 50 51 50 51 52 51 52 53 52 53 54 53
33 32 33 32 33 32 33 32 33 32 33 32 33 32 33 32 33 32 33 32 33 32 33 32 33 32 33 32 33 32 33 32 33 32 33 32 33 34 33 34 35 34 35 36 35 36 37 36 37 38 37 38 39 38 39 40 39 40 41 40 41 42 41 42 43 42 43 44 43 44 45 44 45 46 45 46 47 46 47 48 47 48 49 48 49 50 49 50 51 50 51 52 51 52 53 52 53 54 53 54
32 33 32 33 32 33 32 33 32 33 32 33 32 33 32 33 32 33 32 33 32 33 32 33 32 33 32 33 32 33 32 33 32 33 32 33 34 33 34 35 34 35 36 35 36 37 36 37 38 37 38 39 38 39 40 39 40 41 40 41 42 41 42 43 42 43 44 43 44 45 44 45 46 45 46 47 46 47 48 47 48 49 48 49 50 49 50 51 50 51 52 51 52 53 52 53 54 53 54 55
33 34 33 34 33 34 33 34 33 34 33 34 33 34 33 34 33 34 33 34 33 34 33 34 33 34 33 34 33 34 33 34 33 34 33 34 33 34 35 34 35 36 35 36 37 36 37 38 37 38 39 38 39 40 39 40 41 40 41 42 41 42 43 42 43 44 43 44 45 44 45 46 45 46 47 46 47 48 47 48 49 48 49 50 49 50 51 50 51 52 51 52 53 52 53 54 53 54 55 54
34 33 34 33 34 33 34 33 34 33 34 33 34 33 34 33 34 33 34 33 34 33 34 33 34 33 34 33 34 33 34 33 34 33 34 33 34 35 34 35 36 35 36 37 36 37 38 37 38 39 38 39 40 39 40 41 40 41 42 41 42 43 42 43 44 43 44 45 44 45 46 45 46 47 46 47 48 47 48 49 48 49 50 49 50 51 50 51 52 51 52 53 52 53 54 53 54 55 54 55
35 34 35 34 35 34 35 34 35 34 35 34 35 34 35 34 35 34 35 34 35 34 35 34 35 34 35 34 35 34 35 34 35 34 35 34 35 34 35 36 35 36 37 36 37 38 37 38 39 38 39 40 39 40 41 40 41 42 41 42 43 42 43 44 43 44 45 44 45 46 45 46 47 46 47 48 47 48 49 48 49 50 49 50 51 50 51 52 51 52 53 52 53 54 53 54 55 54 55 56
34 35 34 35 34 35 34 35 34 35 34 35 34 35 34 35 34 35 34 35 34 35 34 35 34 35 34 35 34 35 34 35 34 35 34 35 34 35 36 35 36 37 36 37 38 37 38 39 38 39 40 39 40 41 40 41 42 41 42 43 42 43 44 43 44 45 44 45 46 45 46 47 46 47 48 47 48 49 48 49 50 49 50 51 50 51 52 51 52 53 52 53 54 53 54 55 54 55 56 55
35 36 35 36 35 36 35 36 35 36 35 36 35 36 35 36 35 36 35 36 35 36 35 36 35 36 35 36 35 36 35 36 35 36 35 36 35 36 35 36 37 36 37 38 37 38 39 38 39 40 39 40 41 40 41 42 41 42 43 42 43 44 43 44 45 44 45 46 45 46 47 46 47 48 47 48 49 48 49 50 49 50 51 50 51 52 51 52 53 52 53 54 53 54 55 54 55 56 55 56
36 35 36 35 36 35 36 35 36 35 36 35 36 35 36 35 36 35 36 35 36 35 36 35 36 35 36 35 36 35 36 35 36 35 36 35 36 35 36 37 36 37 38 37 38 39 38 39 40 39 40 41 40 41 42 41 42 43 42 43 44 43 44 45 44 45 46 45 46 47 46 47 48 47 48 49 48 49 50 49 50 51 50 51 52 51 52 53 52 53 54 53 54 55 54 55 56 55 56 57
37 36 37 36 37 36 37 36 37 36 37 36 37 36 37 36 37 36 37 36 37 36 37 36 37 36 37 36 37 36 37 36 37 36 37 36 37 36 37 36 37 38 37 38 39 38 39 40 39 40 41 40 41 42 41 42 43 42 43 44 43 44 45 44 45 46 45 46 47 46 47 48 47 48 49 48 49 50 49 50 51 50 51 52 51 52 53 52 53 54 53 54 55 54 55 56 55 56 57 56
36 37 36 37 36 37 36 37 36 37 36 37 36 37 36 37 36 37 36 37 36 37 36 37 36 37 36 37 36 37 36 37 36 37 36 37 36 37 36 37 38 37 38 39 38 39 40 39 40 41 40 41 42 41 42 43 42 43 44 43 44 45 44 45 46 45 46 47 46 47 48 47 48 49 48 49 50 49 50 51 50 51 52 51 52 53 52 53 54 53 54 55 54 55 56 55 56 57 56 57
37 38 37 38 37 38 37 38 37 38 37 38 37 38 37 38 37 38 37 38 37 38 37 38 37 38 37 38 37 38 37 38 37 38 37 38 37 38 37 38 37 38 39 38 39 40 39 40 41 40 41 42 41 42 43 42 43 44 43 44 45 44 45 46 45 46 47 46 47 48 47 48 49 48 49 50 49 50 51 50 51 52 51 52 53 52 53 54 53 54 55 54 55 56 55 56 57 56 57 58
38 37 38 37 38 37 38 37 38 37 38 37 38 37 38 37 38 37 38 37 38 37 38 37 38 37 38 37 38 37 38 37 38 37 38 37 38 37 38 37 38 39 38 39 40 39 40 41 40 41 42 41 42 43 42 43 44 43 44 45 44 45 46 45 46 47 46 47 48 47 48 49 48 49 50 49 50 51 50 51 52 51 52 53 52 53 54 53 54 55 54 55 56 55 56 57 56 57 58 57
39 38 39 38 39 38 39 38 39 38 39 38 39 38 39 38 39 38 39 38 39 38 39 38 39 38 39 38 39 38 39 38 39 38 39 38 39 38 39 38 39 38 39 40 39 40 41 40 41 42 41 42 43 42 43 44 43 44 45 44 45 46 45 46 47 46 47 48 47 48 49 48 49 50 49 50 51 50 51 52 51 52 53 52 53 54 53 54 55 54 55 56 55 56 57 56 57 58 57 58
38 39 38 39 38 39 38 39 38 39 38 39 38 39 38 39 38 39 38 39 38 39 38 39 38 39 38 39 38 39 38 39 38 39 38 39 38 39 38 39 38 39 40 39 40 41 40 41 42 41 42 43 42 43 44 43 44 45 44 45 46 45 46 47 46 47 48 47 48 49 48 49 50 49 50 51 50 51 52 51 52 53 52 53 54 53 54 55 54 55 56 55 56 57 56 57 58 57 58 59
39 40 39 40 39 40 39 40 39 40 39 40 39 40 39 40 39 40 39 40 39 40 39 40 39 40 39 40 39 40 39 40 39 40 39 40 39 40 39 40 39 40 39 40 41 40 41 42 41 42 43 42 43 44 43 44 45 44 45 46 45 46 47 46 47 48 47 48 49 48 49 50 49 50 51 50 51 52 51 52 53 52 53 54 53 54 55 54 55 56 55 56 57 56 57 58 57 58 59 58
40 39 40 39 40 39 40 39 40 39 40 39 40 39 40 39 40 39 40 39 40 39 40 39 40 39 40 39 40 39 40 39 40 39 40 39 40 39 40 39 40 39 40 41 40 41 42 41 42 43 42 43 44 43 44 45 44 45 46 45 46 47 46 47 48 47 48 49 48 49 50 49 50 51 50 51 52 51 52 53 52 53 54 53 54 55 54 55 56 55 56 57 56 57 58 57 58 59 58 59
41 40 41 40 41 40 41 40 41 40 41 40 41 40 41 40 41 40 41 40 41 40 41 40 41 40 41 40 41 40 41 40 41 40 41 40 41 40 41 40 41 40 41 40 41 42 41 42 43 42 43 44 43 44 45 44 45 46 45 46 47 46 47 48 47 48 49 48 49 50 49 50 51 50 51 52 51 52 53 52 53 54 53 54 55 54 55 56 55 56 57 56 57 58 57 58 59 58 59 60
40 41 40 41 40 41 40 41 40 41 40 41 40 41 40 41 40 41 40 41 40 41 40 41 40 41 40 41 40 41 40 41 40 41 40 41 40 41 40 41 40 41 40 41 42 41 42 43 42 43 44 43 44 45 44 45 46 45 46 47 46 47 48 47 48 49 48 49 50 49 50 51 50 51 52 51 52 53 52 53 54 53 54 55 54 55 56 55 56 57 56 57 58 57 58 59 58 59 60 59
41 42 41 42 41 42 41 42 41 42 41 42 41 42 41 42 41 42 41 42 41 42 41 42 41 42 41 42 41 42 41 42 41 42 41 42 41 42 41 42 41 42 41 42 41 42 43 42 43 44 43 44 45 44 45 46 45 46 47 46 47 48 47 48 49 48 49 50 49 50 51 50 51 52 51 52 53 52 53 54 53 54 55 54 55 56 55 56 57 56 57 58 57 58 59 58 59 60 59 60
42 41 42 41 42 41 42 41 42 41 42 41 42 41 42 41 42 41 42 41 42 41 42 41 42 41 42 41 42 41 42 41 42 41 42 41 42 41 42 41 42 41 42 41 42 43 42 43 44 43 44 45 44 45 46 45 46 47 46 47 48 47 48 49 48 49 50 49 50 51 50 51 52 51 52 53 52 53 54 53 54 55 54 55 56 55 56 57 56 57 58 57 58 59 58 59 60 59 60 61
43 42 43 42 43 42 43 42 43 42 43 42 43 42 43 42 43 42 43 42 43 42 43 42 43 42 43 42 43 42 43 42 43 42 43 42 43 42 43 42 43 42 43 42 43 42 43 44 43 44 45 44 45 46 45 46 47 46 47 48 47 48 49 48 49 50 49 50 51 50 51 52 51 52 53 52 53 54 53 54 55 54 55 56 55 56 57 56 57 58 57 58 59 58 59 60 59 60 61 60
42 43 42 43 42 43 42 43 42 43 42 43 42 43 42 43 42 43 42 43 42 43 42 43 42 43 42 43 42 43 42 43 42 43 42 43 42 43 42 43 42 43 42 43 42 43 44 43 44 45 44 45 46 45 46 47 46 47 48 47 48 49 48 49 50 49 50 51 50 51 52 51 52 53 52 53 54 53 54 55 54 55 56 55 56 57 56 57 58 57 58 59 58 59 60 59 60 61 60 61
43 44 43 44 43 44 43 44 43 44 43 44 43 44 43 44 43 44 43 44 43 44 43 44 43 44 43 44 43 44 43 44 43 44 43 44 43 44 43 44 43 44 43 44 43 44 43 44 45 44 45 46 45 46 47 46 47 48 47 48 49 48 49 50 49 50 51 50 51 52 51 52 53 52 53 54 53 54 55 54 55 56 55 56 57 56 57 58 57 58 59 58 59 60 59 60 61 60 61 62
44 43 44 43 44 43 44 43 44 43 44 43 44 43 44 43 44 43 44 43 44 43 44 43 44 43 44 43 44 43 44 43 44 43 44 43 44 43 44 43 44 43 44 43 44 43 44 45 44 45 46 45 46 47 46 47 48 47 48 49 48 49 50 49 50 51 50 51 52 51 52 53 52 53 54 53 54 55 54 55 56 55 56 57 56 57 58 57 58 59 58 59 60 59 60 61 60 61 62 61
45 44 45 44 45 44 45 44 45 44 45 44 45 44 45 44 45 44 45 44 45 44 45 44 45 44 45 44 45 44 45 44 45 44 45 44 45 44 45 44 45 44 45 44 45 44 45 44 45 46 45 46 47 46 47 48 47 48 49 48 49 50 49 50 51 50 51 52 51 52 53 52 53 54 53 54 55 54 55 56 55 56 57 56 57 58 57 58 59 58 59 60 59 60 61 60 61 62 61 62
44 45 44 45 44 45 44 45 44 45 44 45 44 45 44 45 44 45 44 45 44 45 44 45 44 45 44 45 44 45 44 45 44 45 44 45 44 45 44 45 44 45 44 45 44 45 44 45 46 45 46 47 46 47 48 47 48 49 48 49 50 49 50 51 50 51 52 51 52 53 52 53 54 53 54 55 54 55 56 55 56 57 56 57 58 57 58 59 58 59 60 59 60 61 60 61 62 61 62 63
45 46 45 46 45 46 45 46 45 46 45 46 45 46 45 46 45 46 45 46 45 46 45 46 45 46 45 46 45 46 45 46 45 46 45 46 45 46 45 46 45 46 45 46 45 46 45 46 45 46 47 46 47 48 47 48 49 48 49 50 49 50 51 50 51 52 51 52 53 52 53 54 53 54 55 54 55 56 55 56 57 56 57 58 57 58 59 58 59 60 59 60 61 60 61 62 61 62 63 62
46 45 46 45 46 45 46 45 46 45 46 45 46 45 46 45 46 45 46 45 46 45 46 45 46 45 46 45 46 45 46 45 46 45 46 45 46 45 46 45 46 45 46 45 46 45 46 45 46 47 46 47 48 47 48 49 48 49 50 49 50 51 50 51 52 51 52 53 52 53 54 53 54 55 54 55 56 55 56 57 56 57 58 57 58 59 58 59 60 59 60 61 60 61 62 61 62 63 62 63
47 46 47 46 47 46 47 46 47 46 47 46 47 46 47 46 47 46 47 46 47 46 47 46 47 46 47 46 47 46 47 46 47 46 47 46 47 46 47 46 47 46 47 46 47 46 47 46 47 46 47 48 47 48 49 48 49 50 49 50 51 50 51 52 51 52 53 52 53 54 53 54 55 54 55 56 55 56 57 56 57 58 57 58 59 58 59 60 59 60 61 60 61 62 61 62 63 62 63 64
46 47 46 47 46 47 46 47 46 47 46 47 46 47 46 47 46 47 46 47 46 47 46 47 46 47 46 47 46 47 46 47 46 47 46 47 46 47 46 47 46 47 46 47 46 47 46 47 46 47 48 47 48 49 48 49 50 49 50 51 50 51 52 51 52 53 52 53 54 53 54 55 54 55 56 55 56 57 56 57 58 57 58 59 58 59 60 59 60 61 60 61 62 61 62 63 62 63 64 63
47 48 47 48 47 48 47 48 47 48 47 48 47 48 47 48 47 48 47 48 47 48 47 48 47 48 47 48 47 48 47 48 47 48 47 48 47 48 47 48 47 48 47 48 47 48 47 48 47 48 47 48 49 48 49 50 49 50 51 50 51 52 51 52 53 52 53 54 53 54 55 54 55 56 55 56 57 56 57 58 57 58 59 58 59 60 59 60 61 60 61 62 61 62 63 62 63 64 63 64
