18
54 81 30
2 48
17 34
30 37
1 45
46 51
23 42
6 48
12 21
27 36
49 51
9 13
17 18
4 24
12 31
14 45
8 34
11 33
15 30
7 30
13 43
15 26
20 46
31 54
4 39
34 53
3 47
7 52
1 36
9 39
24 28
21 35
45 48
28 29
7 25
35 50
43 44
22 52
1 29
28 37
37 43
10 17
5 41
18 44
8 16
14 41
49 51
32 47
23 42
33 53
27 38
40 50
11 19
13 50
8 20
12 16
4 38
22 32
10 35
3 29
26 41
6 20
22 25
11 25
19 44
19 24
9 40
2 21
5 42
40 52
2 33
14 46
3 54
32 53
16 38
18 36
15 26
5 54
23 39
6 31
10 47
27 49
50 75 30
37 44
17 41
23 38
5 11
20 27
28 36
4 10
7 45
28 40
10 22
7 49
26 27
23 48
20 45
6 28
32 49
14 50
4 36
38 45
25 31
41 43
27 34
25 30
3 48
2 9
15 21
22 50
29 39
24 46
16 26
6 19
13 47
16 32
15 35
11 15
24 26
23 36
17 35
18 44
17 47
22 46
7 42
5 19
1 29
6 33
13 19
24 43
38 42
9 39
34 42
44 46
20 49
2 8
25 33
4 12
2 14
1 9
14 34
12 16
31 39
31 48
18 21
1 3
32 41
21 37
10 30
3 13
11 40
5 29
37 47
18 35
8 43
30 50
33 40
8 12
52 78 30
40 43
41 52
6 49
22 25
12 35
42 50
23 52
2 19
15 29
15 27
4 51
27 45
5 40
31 43
14 44
16 34
7 32
26 36
10 11
8 25
27 43
14 34
1 32
35 40
10 16
19 20
24 45
10 26
18 36
4 5
11 33
32 37
3 9
30 31
28 33
29 50
9 21
3 24
37 44
17 25
6 42
14 21
30 41
8 16
3 42
28 38
13 47
1 46
24 46
9 46
44 49
19 48
48 52
31 33
37 39
18 39
7 38
12 15
12 41
4 22
22 48
45 47
1 39
11 13
5 20
8 23
2 6
13 49
23 30
18 51
29 38
7 51
2 50
17 28
26 35
20 21
34 36
17 47
50 75 30
24 29
5 46
8 45
17 48
20 21
10 12
26 42
22 29
18 28
13 38
14 44
38 46
11 46
18 24
9 33
5 23
15 41
3 9
17 26
20 30
25 31
43 50
6 31
11 43
34 36
16 30
28 32
1 33
44 50
27 28
23 45
48 49
8 38
17 36
12 47
5 34
15 50
4 13
25 40
27 39
26 29
45 49
12 43
19 47
42 47
32 44
14 16
4 7
11 39
4 8
2 35
6 19
1 14
10 41
37 40
7 41
20 35
9 36
6 22
3 13
2 25
1 7
42 48
16 22
35 39
31 37
19 23
33 34
2 40
18 30
10 49
15 27
21 32
3 21
24 37
54 81 30
18 26
1 29
41 44
39 44
14 47
7 52
27 42
18 36
22 35
24 46
2 23
20 31
8 33
30 35
10 15
8 50
5 23
1 30
4 40
32 33
12 21
37 50
6 38
17 19
19 20
15 27
11 12
21 52
3 54
45 48
10 13
21 46
11 20
37 52
5 42
17 53
29 35
5 48
9 25
36 40
28 53
24 25
3 36
6 54
17 43
2 26
4 24
37 49
2 23
29 33
30 44
13 38
34 47
12 34
7 53
39 49
27 43
39 54
8 42
34 50
1 28
13 25
16 26
4 41
10 14
15 16
16 51
14 31
9 22
43 45
48 49
9 38
45 46
3 19
31 41
32 40
32 51
11 22
28 51
6 47
7 18
50 75 30
19 50
43 46
2 40
6 44
12 28
21 41
22 36
45 47
31 43
1 19
3 28
30 35
40 41
15 17
6 23
4 21
22 48
7 25
17 30
2 12
25 32
35 49
9 20
4 12
4 36
14 23
5 49
8 28
27 33
15 29
7 34
10 45
20 27
1 3
30 37
31 32
33 47
18 24
10 21
27 44
11 14
5 29
38 44
3 19
41 42
7 38
42 47
26 33
23 46
8 11
13 14
10 34
13 31
9 13
1 8
26 45
49 50
2 48
18 40
16 24
15 24
16 17
6 20
16 50
11 37
9 35
5 39
37 39
36 43
18 48
22 29
25 39
32 42
26 46
34 38
58 87 30
46 57
4 24
47 50
40 42
4 20
36 39
8 23
18 57
39 51
21 41
11 18
9 12
22 45
44 52
16 53
24 56
5 53
26 32
5 17
39 54
30 34
31 55
17 48
44 54
1 7
28 43
3 6
33 37
18 54
4 10
13 40
23 34
21 36
6 24
28 43
29 52
26 38
11 15
27 44
29 51
29 41
43 48
20 25
15 56
40 47
17 58
19 48
31 47
41 49
27 45
35 56
36 46
9 16
33 37
21 27
1 12
2 55
42 52
14 28
6 14
2 49
16 34
19 38
9 58
3 50
13 25
1 57
3 22
20 30
10 38
25 55
7 8
11 49
31 33
7 35
35 51
15 50
10 22
37 46
2 53
5 26
14 32
8 12
19 23
13 30
42 58
32 45
54 81 30
26 48
3 48
13 39
17 52
27 44
19 43
15 53
43 44
31 53
16 27
16 29
10 17
3 40
1 50
14 54
11 42
46 51
27 45
35 48
9 23
25 32
28 41
14 39
19 38
5 18
31 46
28 34
24 38
1 50
8 13
22 51
25 51
8 19
33 49
6 50
2 33
13 37
20 54
5 11
5 17
16 35
4 12
4 6
10 31
20 39
21 22
7 47
6 53
7 40
2 28
26 30
7 49
25 37
11 34
10 37
32 45
24 43
22 23
12 34
21 52
9 18
4 12
36 41
15 40
35 42
3 47
30 54
8 52
38 44
2 21
23 30
9 29
15 20
14 32
33 46
18 41
24 36
29 45
26 47
1 49
36 42
58 87 30
23 52
2 23
19 37
16 29
54 57
7 28
8 52
5 24
20 37
21 27
32 42
25 44
9 17
10 47
17 28
20 48
36 45
16 41
14 48
11 42
13 57
10 19
22 29
21 53
9 11
12 44
35 47
22 37
1 3
6 7
23 56
4 41
18 40
1 26
9 58
26 49
35 39
2 8
18 38
30 58
16 28
6 32
31 32
12 48
15 39
5 10
38 50
1 51
7 41
31 56
31 36
34 54
5 43
18 30
29 49
4 43
38 46
4 40
14 55
30 58
21 52
2 55
33 49
13 34
27 34
44 50
3 50
14 42
20 33
15 27
6 13
24 25
51 53
19 45
55 56
11 51
22 26
3 46
45 54
12 40
8 46
17 57
33 36
39 43
25 35
24 53
15 47
58 87 30
17 35
18 31
8 58
27 50
5 40
18 30
24 52
4 41
32 46
19 26
12 21
6 7
6 50
5 39
31 37
4 57
11 55
45 47
38 50
5 49
24 30
39 54
34 36
22 33
10 11
21 48
44 53
28 57
10 37
28 29
9 42
15 23
24 42
1 44
18 21
27 58
1 28
34 56
8 51
9 40
44 51
9 42
7 14
6 39
11 49
38 57
1 35
25 30
3 16
8 36
2 29
17 26
33 43
15 51
12 40
10 54
48 55
41 45
3 52
35 53
22 23
46 56
13 23
34 49
47 48
3 16
2 7
43 55
22 53
14 16
13 33
19 46
38 52
12 31
13 58
45 56
15 17
4 19
41 54
25 47
29 43
20 27
26 36
2 32
14 20
32 37
20 25
58 87 30
17 31
41 56
3 32
49 52
6 55
47 54
9 20
34 40
17 24
19 53
24 26
38 52
3 50
39 50
1 42
10 34
35 45
15 47
16 27
4 41
4 55
11 43
31 39
12 25
13 47
37 43
6 18
20 41
16 27
15 19
21 38
39 58
37 58
13 16
8 51
21 38
10 57
32 42
46 48
4 33
23 30
37 51
34 45
32 36
11 29
36 49
5 20
19 29
2 48
28 53
36 54
22 58
1 17
12 29
5 44
7 57
8 13
5 44
1 26
52 54
2 15
9 40
6 27
55 56
26 30
42 53
35 44
18 23
2 31
45 57
21 35
7 14
22 49
12 50
11 25
14 46
28 30
24 56
25 28
18 40
10 14
7 33
8 9
23 51
46 48
3 33
22 43
54 81 30
1 15
36 39
33 35
26 45
13 32
27 52
31 50
3 36
11 53
7 28
8 12
12 47
17 20
10 33
29 43
5 11
16 34
9 51
38 43
12 24
22 23
6 48
24 54
16 46
8 44
23 31
7 14
46 53
2 45
19 41
8 49
1 39
14 26
27 41
40 45
30 42
14 34
29 47
36 50
19 25
4 13
27 38
24 37
9 13
6 25
26 39
3 34
22 41
11 20
2 29
15 21
32 48
1 49
22 44
18 52
47 53
2 28
4 33
19 38
10 54
30 48
21 37
16 35
31 54
15 18
7 42
40 50
28 32
17 42
5 10
23 43
4 25
3 18
46 51
35 44
20 30
6 49
21 37
9 51
5 40
17 52
56 84 30
8 11
22 27
22 28
18 52
21 37
4 32
17 39
4 32
2 33
11 41
14 17
2 14
19 54
25 56
23 47
30 53
12 42
9 43
9 33
1 46
11 42
31 55
13 38
38 52
30 49
32 40
31 48
2 51
3 29
24 36
5 6
3 48
15 35
12 49
28 36
6 16
1 47
10 50
44 47
23 46
40 41
27 54
18 37
13 39
27 50
16 29
26 38
4 56
26 34
3 54
20 50
10 55
15 35
20 45
21 49
45 56
10 18
19 43
13 25
29 37
24 51
24 55
16 44
5 45
41 48
43 53
9 33
14 26
7 36
5 39
1 7
17 51
15 22
34 53
6 7
8 30
8 25
19 35
23 46
34 52
40 42
20 44
12 31
21 28
50 75 30
25 44
28 34
31 46
14 24
25 28
29 48
35 42
7 13
19 40
21 27
32 36
40 41
9 47
38 40
33 42
30 36
15 27
19 31
29 49
7 37
4 47
5 33
18 32
17 49
3 18
11 12
3 46
9 30
2 50
10 30
23 46
6 42
10 23
8 19
36 39
3 24
1 22
4 8
25 47
22 41
10 20
32 33
2 9
1 26
11 45
5 43
6 31
1 39
21 44
27 48
12 15
26 49
15 45
16 34
13 29
16 24
12 38
11 20
14 43
8 50
22 34
21 23
16 38
35 39
5 37
18 26
41 44
17 48
6 14
2 50
17 35
37 45
7 13
4 20
28 43
52 78 30
5 34
14 35
8 35
19 25
21 32
4 6
3 24
22 44
2 52
28 29
9 46
7 17
8 41
48 49
15 51
31 51
17 33
35 47
7 28
19 31
7 40
32 37
11 49
25 41
4 5
10 13
4 23
6 9
1 14
28 43
39 45
30 37
22 50
11 21
16 47
2 48
13 38
2 20
1 15
20 44
29 30
15 30
26 50
12 17
3 10
38 49
3 23
37 38
6 27
21 22
11 45
8 24
33 46
33 48
24 36
39 50
10 12
40 47
31 51
26 45
34 42
26 43
18 32
19 36
27 42
13 39
16 43
20 25
29 42
1 44
12 40
14 23
34 41
18 52
16 18
9 46
27 52
5 36
50 75 30
5 28
8 39
9 16
14 48
15 37
23 47
5 49
39 44
2 27
30 40
11 47
26 43
1 37
10 44
23 31
27 49
26 44
18 19
21 30
20 46
7 36
7 45
24 47
14 17
9 49
26 41
16 25
39 41
12 31
33 40
13 34
18 35
23 38
24 38
21 34
10 25
1 43
8 45
20 41
15 19
5 20
2 46
4 24
1 30
16 33
32 50
13 32
3 9
6 38
35 36
4 11
17 42
3 33
22 28
4 45
35 50
34 36
22 50
6 43
11 37
12 21
31 42
32 48
7 12
6 22
18 25
14 40
8 10
17 29
28 46
15 29
3 42
13 29
2 19
27 48
50 75 30
28 32
43 46
5 18
8 26
4 40
11 41
3 50
16 22
34 36
9 44
10 33
19 29
13 32
20 26
43 45
30 37
14 38
46 47
14 49
12 15
6 11
18 25
8 33
10 33
3 34
4 47
20 25
5 32
18 48
19 35
1 9
17 26
34 50
27 36
27 30
15 17
41 49
10 24
9 41
16 21
25 31
39 45
13 23
7 39
4 21
7 13
35 39
1 38
19 29
22 47
12 27
29 42
1 21
22 28
5 42
16 23
2 28
6 20
36 37
6 40
24 38
2 44
30 35
46 48
24 49
12 40
2 44
15 17
8 50
11 31
3 43
23 42
45 48
31 37
7 14
50 75 30
1 2
17 29
39 50
3 8
29 43
17 39
25 28
9 27
6 16
9 45
20 34
5 18
31 33
24 32
8 46
12 49
18 19
24 31
39 42
17 26
14 32
32 38
9 48
2 7
27 37
15 20
7 16
4 36
12 43
37 40
13 38
11 30
37 45
1 10
5 44
7 16
40 41
3 11
6 23
36 38
26 43
34 44
12 25
4 22
15 20
22 40
2 41
22 35
13 23
3 34
48 49
28 42
26 41
30 33
19 21
21 33
15 47
46 47
21 35
10 44
14 19
24 25
46 49
42 47
8 11
1 28
29 31
10 50
6 48
18 35
27 30
4 14
5 36
23 50
13 45
