10000 10000
9602 2540
2262 9644
5895 1580
9912 595
7271 3545
9810 4743
6929 2953
863 7461
8545 278
9492 321
8765 6790
3139 9093
1922 7080
3635 9658
9364 1336
455 3390
3442 953
2708 1761
2466 7014
7716 8993
1708 7423
514 9810
4141 3749
9051 3712
2943 3990
1412 1330
801 8641
5779 6130
5641 588
6731 6198
9050 1521
2567 4675
9307 706
653 6195
8216 8464
5893 7771
9432 231
7962 1855
1816 5010
6148 1203
9200 4997
7428 523
61 793
3182 2908
6172 3673
897 1627
9258 71
2397 6946
3610 6250
3977 5297
4916 1932
4522 8119
4898 9152
1550 3425
2006 1181
4454 339
3275 9866
6657 5628
4278 31
959 6280
7690 7450
2583 1799
1529 3058
219 8400
2932 1533
5561 9574
3683 3892
7763 2882
2800 8816
7424 211
8363 365
1051 1085
709 5935
8602 3903
3723 3687
7138 6085
1164 2546
3603 7919
9168 5736
3943 9404
9359 239
8175 7005
7204 3238
232 8703
7472 5161
2518 895
3198 7607
348 5224
9602 3165
1402 5486
9680 5286
4689 217
1144 7589
7353 5906
5510 3667
4964 3236
100 3147
6196 7537
6954 1369
1409 8043
5828 2139
370 1212
9060 6975
4494 7123
955 4889
3283 1025
2440 4692
4127 4689
6113 4150
6588 7886
1004 834
3468 3460
7893 7693
7235 6228
5331 3549
6093 9225
7954 5520
2259 3919
2643 7821
18 2176
2782 467
5723 7555
5817 2493
4908 3108
3573 1207
2264 9442
2400 7616
8102 72
8645 9316
4952 5057
8582 5462
570 3034
7217 3412
1760 2437
8374 2668
9537 3519
8687 6323
9893 6958
8667 949
8873 1531
343 6273
5597 9912
7080 5785
7291 8654
2913 8961
3052 3613
6066 782
7525 4195
6768 5321
6473 3364
402 4085
2216 1015
8175 8859
1822 3306
3468 1618
2036 7734
2762 8393
8993 949
7783 5459
3856 2287
4995 524
1960 1598
5797 2103
1611 5733
4239 7715
7347 6103
6265 9532
5170 3796
5477 5992
4119 8854
6098 888
3470 2069
5488 7474
7677 979
2654 6148
1783 6123
4366 607
9494 3840
3109 3306
8660 54
1569 1671
5705 407
5029 1430
9332 535
1608 2446
6427 1123
9531 3469
3938 4421
3278 4375
1688 7555
2041 4407
1594 7205
439 6217
3599 6901
3537 2964
6867 5817
6351 1993
2365 8112
8001 1558
4272 6103
9243 60
2713 9866
2862 5991
8240 5492
6838 7222
7442 9078
1365 3010
8791 8530
2825 6426
3800 6911
6610 2283
3800 3224
1555 8548
6284 7742
5900 3015
3102 2118
8418 571
8431 315
1803 9181
8827 8938
3660 435
5113 8651
7763 9357
4724 6760
5546 7356
7866 1783
5809 1248
6363 3531
317 3279
4986 2239
4994 8625
3136 4415
6679 1448
1770 1521
6591 4613
2813 7228
2489 3637
7821 9969
3516 9452
6407 372
9811 1545
5519 4542
7193 1297
3436 3234
7577 5241
9655 6106
737 4566
7762 126
4893 5621
4359 1870
4261 8659
5086 7537
1351 8285
5135 8764
5613 8850
5769 6734
901 9040
3965 7465
1130 2291
2237 5050
5584 1504
1956 2351
2290 6341
5322 2835
4655 1654
280 8442
6502 5294
4258 3045
6525 3631
2758 3609
4712 2561
4110 2356
1675 7207
7254 7554
722 6508
5116 2527
1855 3028
1081 6704
6060 3076
6793 5802
2560 1679
8325 3633
1052 9509
8887 8250
6560 2610
5046 5391
2240 7900
4050 9987
459 6661
7695 698
4929 6776
3146 3286
7539 2595
6038 7134
6439 723
4816 2547
6565 5627
6156 3946
4725 3572
452 704
3043 2492
6679 1712
9841 84
66 3837
9554 9737
5696 1509
3088 9699
3853 9433
4768 9276
3590 5513
7392 6705
9556 2838
5819 5693
2129 1580
9847 2784
3850 3584
7306 1186
4932 8136
8547 1901
3525 148
7164 9922
6672 7970
6310 8316
1699 9286
502 4388
7241 5982
1042 6549
2720 5080
1 802
3914 6443
1738 4172
3917 7520
4964 5091
7543 3546
8594 7707
7885 1634
8664 4951
7763 1693
7877 8941
9424 5175
5686 6925
9178 3582
942 1771
7848 6048
7380 9333
291 2589
8186 9235
7120 6264
6718 3663
4830 7792
3256 645
9509 4071
1392 5334
2137 3306
3750 7333
9695 4728
8368 2007
733 3573
7487 3361
8224 4491
4759 1165
1475 9759
1588 1620
4225 821
4182 4989
9976 446
1374 9658
5156 6511
5407 4899
3616 722
2941 221
6617 4884
2828 2729
5117 967
109 8019
8537 5359
9693 1591
820 3247
9769 1129
8314 8218
2737 7172
42 3145
760 2129
9950 893
138 8314
6519 3230
7428 1108
7979 1222
5960 3792
5431 5842
3185 5782
2461 8890
1952 4968
4535 9455
6228 2117
2329 8293
8093 7114
1119 3470
7747 3316
7144 6125
2128 400
9223 5111
9867 715
3329 5150
1227 1092
1460 6626
4315 789
2336 2811
4127 6712
4256 8972
1995 8055
3270 3665
7389 944
6140 1772
8668 7788
8093 9887
9597 6971
7531 6453
6285 2902
6550 1984
811 5204
9506 5347
1516 8897
9428 9832
285 9017
4227 8936
7626 3987
3943 1629
7935 8390
7676 5378
3979 2419
7765 3955
6402 6033
179 7756
514 7693
9589 5379
5858 996
8520 339
7020 4601
3349 7535
4654 4671
4619 7809
4969 5546
6492 9371
9915 2991
7549 5271
4889 2278
756 451
7192 1538
5482 1634
7082 2277
2087 1403
3818 3531
4912 5169
7741 7149
9281 1793
1438 6747
2392 7435
861 3048
9260 2901
7556 7798
9558 3738
1966 4554
3118 8785
8337 7131
2010 8181
3326 8077
9195 3612
3485 9487
7097 1216
1571 1303
1962 8915
2504 4226
7139 843
7205 3194
3811 7414
3803 6144
8170 1534
583 3388
8663 8982
4047 8395
1552 7136
9900 7560
5581 4017
6838 2368
6177 9560
4182 7232
7172 1272
6729 187
1540 6328
4272 5547
9906 6432
7500 3524
8181 4823
8936 1941
6387 9298
9119 6420
7311 2499
1534 3432
5465 2222
1457 824
7616 3282
8850 3248
7738 7996
9559 4520
8237 3085
1255 1561
8261 9630
2213 1426
932 5233
3791 7043
2903 9293
5299 8827
3362 2302
4294 3930
3327 1514
7244 9436
9471 4668
9776 7621
6682 1431
4486 8637
4261 2533
4922 1783
3711 7472
9842 1345
5473 6265
8243 7686
7412 7501
7692 7229
4413 7431
7635 3226
6717 917
9944 174
2661 8037
5874 3491
8744 5257
1145 2277
8475 7982
7087 5661
1081 4293
1418 6509
8618 2151
2544 301
1795 1158
1131 1882
1992 236
2979 6345
8773 641
2249 8225
6709 4179
6894 3526
9250 6315
719 3426
4109 2882
7289 4904
3510 7367
4029 891
2749 5581
5149 1612
8984 3220
8500 3125
1386 323
2909 6492
927 2725
5289 1351
1297 4095
427 2299
3531 903
7868 6015
4622 8602
9227 304
6136 3449
8647 8908
7800 5743
2650 9586
5822 4029
8986 4202
3202 2742
3043 6411
3854 326
2326 3074
4016 9050
4860 4284
1452 4203
2149 6149
4470 6528
2529 7664
4737 6439
9802 4695
7912 5358
8824 2423
550 9312
5535 9089
3884 4802
5594 6009
1383 1998
894 8011
6890 8763
5021 3655
9696 2517
6554 7286
5971 9565
6918 4301
4467 5609
5461 6693
7498 9993
5686 7141
8762 1655
7383 2960
8181 6586
1500 6077
7674 1477
410 3071
2879 9935
7033 768
6764 496
5968 9627
2155 3384
8609 9004
4465 5031
2361 5242
7161 6576
4669 5825
8588 9513
3032 551
3484 2860
782 7223
6016 5378
4898 8505
5000 8424
2606 4703
3357 5381
7220 6103
4352 7981
431 4855
5440 1771
2262 3584
8084 7471
5857 7001
6264 8009
5091 562
1256 4258
4339 7125
2122 3264
4137 6261
2746 2570
6285 113
3820 1933
6021 5349
59 6743
7406 3807
1400 2235
3170 774
4386 3560
1189 2452
4369 5549
5908 8355
1673 5432
6442 5244
7482 3931
3259 9264
3184 8876
3807 4765
5158 7521
967 2327
6942 1787
5936 5854
1694 1507
5827 836
3204 8765
3147 7849
4980 8686
9833 1174
7889 2194
24 4195
3321 1666
1304 230
5385 821
288 8042
4273 8677
4478 1403
483 3971
6685 8802
2999 1202
2916 7683
203 1476
4590 3972
7706 5165
1088 2753
6453 6580
9021 6594
4182 4651
1558 1941
3671 5174
9347 1039
3177 8786
70 5504
4364 4325
1922 4215
9245 1936
4748 974
3695 3069
2333 571
8716 1821
4664 2974
5041 4158
5780 9752
4483 6918
8390 1434
1682 1636
4780 2690
394 1141
5319 982
4650 4372
4838 2675
2535 9482
5454 2755
8840 2035
7953 3113
3805 8890
4689 9185
1642 6776
6803 451
4401 8008
2055 5779
4483 4836
671 1218
2883 6097
863 6654
2859 5583
9209 3591
3730 137
1874 4875
9652 2499
1756 2839
7701 5996
4347 6901
7229 8037
233 6337
787 5381
4913 75
8530 7691
376 1663
5156 5681
2409 9176
7623 4021
7709 4005
5211 7541
8746 7753
8362 8266
1137 3382
872 1997
6197 8724
6852 2083
3989 919
524 3176
6888 1858
1461 4651
8935 7288
8109 2909
1241 7391
3056 1091
6875 5402
6022 9797
6881 1211
5805 5784
5087 8539
3997 6911
6471 6806
1889 3353
1819 6908
5235 9876
4560 1411
1038 2183
153 1489
6999 8194
2339 1130
5514 7578
3133 2112
7494 6180
2332 4202
1867 5446
6033 3810
808 2516
5450 9720
5820 7393
2732 5587
3979 7958
6625 2336
6465 4856
9927 5282
1832 5679
6204 3553
16 9602
3123 2674
7972 5701
2648 2078
4668 5877
8227 1775
6113 2549
7104 1350
1478 5624
7036 2425
9172 1712
9195 1
1532 8109
3951 9335
3197 2041
2090 8380
9232 3585
5714 5303
3467 6752
466 7287
2804 5494
3292 792
7985 6844
936 951
7678 4530
1288 826
2827 9700
8411 4008
1033 1784
9313 3693
3702 7966
4628 2104
6452 6780
2824 448
7310 8946
9574 45
1938 3640
9565 5668
1067 8881
4220 880
8366 3836
4368 5334
6600 5426
1621 9053
82 6703
5322 620
5940 3265
8951 9356
8606 429
747 5242
3450 5703
5981 5218
8758 8775
7143 4717
2773 3453
4507 4514
2403 708
5954 1990
4408 8007
2162 2935
1893 2852
1683 795
9988 9908
9234 6066
1110 172
3484 2141
329 3876
4230 178
8601 9728
5017 9582
2676 8504
6665 7721
8078 6244
2254 533
3333 9093
7066 2738
6653 1771
3191 3241
3743 4645
3668 4626
2206 6377
8323 810
6445 1957
3222 2029
8535 5390
5577 9914
8992 2831
9622 3101
1594 3632
3858 1460
6271 4775
7480 7866
8620 967
3848 6599
1799 8181
8355 4989
6981 3283
3143 2270
5035 2099
3680 5214
6550 6086
2526 2391
2763 8031
8875 5826
7989 1724
9255 7419
7877 304
2938 6703
3532 6645
1466 406
6580 7401
2405 187
5764 6311
6367 2
4319 7048
4245 3115
6346 1955
6549 3140
7142 77
5762 1049
4808 3512
9175 2609
2807 8380
1781 7457
5117 262
2125 6115
5378 1771
9951 9067
5616 557
7852 3215
740 291
3893 3465
2313 7766
6117 8473
8644 9793
4580 2793
7512 216
425 2451
4096 1982
301 9980
6604 4616
186 4013
6149 3156
799 7639
7451 9964
3519 3477
3853 2966
9019 4239
8442 7714
7386 3292
8066 8264
4326 7403
7141 4426
5824 784
3389 1839
3480 7465
9390 7105
6266 4605
1284 6921
2250 2582
888 5645
4036 3117
3106 7971
587 8047
2791 4776
1585 4343
6195 2497
7350 24
3727 6453
781 1378
4679 4025
1565 7546
844 2805
1538 4302
5833 4894
5032 2922
1944 9505
492 6036
6651 1330
2548 1767
2105 2777
6866 7918
8185 3061
8017 4810
3371 885
4377 67
5547 5222
5448 2785
2581 6966
4789 7398
1289 7528
4516 570
6502 6009
2431 644
1696 2677
8281 7492
5607 7199
4410 4402
4993 3432
6316 7405
3077 1580
7078 3046
8566 4927
6220 2333
2928 9206
30 8274
5212 8410
3654 6878
8062 8799
6715 3556
3789 7944
8179 2814
7924 2165
5984 219
935 2698
7783 4323
5337 3440
1686 7064
772 7273
1123 5879
3481 8824
8383 9610
5064 4836
4331 4302
5544 6288
9197 752
6907 2761
5123 6276
2873 566
5633 6653
5613 6552
895 4432
8289 143
6818 4867
9071 6565
5134 6553
4291 9460
2488 6215
260 5169
4354 691
2126 6255
788 1872
8024 5261
2347 7891
6477 598
4978 7115
7173 5807
4123 5174
4755 4102
518 5957
7362 5904
8834 1921
3085 2436
987 5149
9288 4817
3400 4275
5178 6491
5700 3671
7143 7381
6210 708
9456 836
5060 4275
2847 8086
9780 1577
5659 8500
5433 7474
8363 8004
1442 5688
2557 2688
6941 5994
4604 7478
1555 3892
5058 563
7471 4935
7327 4858
9612 9907
261 5007
52 9939
6933 1519
9636 5460
6861 7905
1589 8623
5762 6256
1780 3217
379 408
2066 2247
9761 8527
2906 228
9844 5252
3595 6948
8941 7697
6393 1960
8751 889
6961 3229
5301 5914
7514 9940
9830 9873
2178 9894
2750 710
3058 5344
8391 5677
7881 3992
3094 3728
8256 926
818 9688
6755 6310
9610 4774
9397 9309
8984 2493
7076 9575
3186 1174
9928 1806
7458 5283
2387 7527
92 1999
1984 2212
507 9954
5694 3432
2916 4058
7048 2113
8170 6833
1811 6635
2121 5704
8265 3556
1346 6624
4569 1751
3877 9089
9924 6818
8595 3252
9709 4969
2170 9406
2948 7577
5904 2414
7050 1468
2951 8247
2804 1451
7200 6526
3008 5241
7205 7194
2366 2001
6412 9484
5857 1470
6878 7851
6743 7582
3649 9475
9789 5156
3922 172
1039 7997
330 8745
8231 9538
6752 4124
5965 8366
4377 3419
138 8706
9306 5233
8892 7897
5846 7323
4705 360
6483 491
1926 9418
7326 3700
9789 2872
4933 9167
2011 467
3536 1034
3029 1167
8529 8845
6828 8985
760 653
9342 1956
2022 2555
7975 8245
1829 2532
2352 9651
5461 7206
7506 5725
2869 8622
1625 3375
2412 7272
366 5382
864 1
820 4470
2201 327
1971 7226
7410 3721
5210 3222
8911 8637
8781 7039
6705 8639
4341 8941
9714 1817
4506 1243
7189 5713
3796 5150
2363 3080
1928 1955
7790 376
5342 965
2114 9800
690 677
9239 6030
9038 2117
9614 5137
2001 9547
4564 2293
9138 3869
1118 3270
9116 9114
2285 3018
8467 9884
9012 5704
8662 4272
6112 7864
8880 1743
7982 4975
8430 6012
9925 3421
3727 9202
3235 9260
577 5274
9076 906
5238 1984
2660 9048
2733 1637
5283 3857
8595 1814
8741 9950
9462 1010
787 7910
8743 5147
9208 6706
4904 5923
6206 5309
3820 7244
6452 2167
3026 3503
3 3478
6374 5819
4689 1028
7377 8006
437 9115
3822 9864
4584 3274
7141 9847
5729 3240
2273 9099
4855 2831
4866 1601
9996 2188
4455 4725
6968 6614
8791 4150
384 3859
2930 2855
6459 4631
3709 6607
3082 2425
3054 1378
8254 2207
572 3607
6072 2293
5561 9024
9931 4386
7315 8359
3173 2046
779 2150
1059 2952
6749 9426
7043 1313
3343 6090
3622 7144
8176 1978
5212 4236
6298 6354
6624 8906
5477 2097
1589 4255
6953 9173
3514 5874
6204 98
3592 9851
2230 628
6577 4797
4500 6361
8256 6987
1112 6213
3799 8128
461 8669
2092 9358
9232 5804
7110 6482
6256 3711
2726 6796
6748 7804
865 3410
4481 3855
9171 2194
1223 4010
257 7594
187 5252
8734 3069
7648 4658
6567 4894
1715 4481
9430 3989
6988 44
2657 1129
3159 5801
3135 7377
3967 5922
8096 9040
3802 1945
5629 7397
9202 6674
7669 8512
6770 3629
6559 6300
7222 8583
5639 2582
7537 8733
3031 9904
7471 8230
1512 5863
3270 1838
7889 4719
4297 6114
3458 6516
6429 9149
5927 438
1705 9238
7350 5390
1542 9575
7299 2350
7131 6806
1691 5133
4454 4048
5240 8826
139 7031
609 8175
6965 8781
9516 320
7819 7338
2974 494
8146 9269
2947 141
1042 8621
8352 7039
6440 6611
8475 7533
5699 4439
8573 2650
1395 5112
7547 4014
6627 4392
7716 4865
6290 7985
1022 4784
198 5879
5112 5824
1298 2176
2663 8677
1637 1941
557 817
6540 4106
3943 2698
6675 3443
3141 2196
3097 5933
8091 4850
9342 3247
356 460
2846 469
2004 5202
4244 9160
8540 7340
9416 8812
2523 5480
2878 9158
3165 6358
2418 5099
711 1347
3694 3270
406 8744
6402 9061
5224 7959
9200 6456
1075 6285
7477 4005
8107 7992
565 8491
1450 129
6860 1265
6691 2656
2971 1174
2229 1220
6607 2324
6948 168
9810 234
6326 8165
4153 312
7612 7389
9534 1570
2935 5218
6039 7787
7300 6815
7119 4407
4590 3583
2406 2903
40 3131
3043 227
7620 543
1173 3631
8531 5696
3429 5872
3420 2169
6954 27
627 1996
6373 3643
1414 9682
2914 9060
2531 9484
23 5956
6637 6739
6129 686
5887 3906
3369 50
1854 833
5554 4892
5297 1658
1592 353
1463 9383
9015 2598
365 5592
7558 342
5131 4839
3749 4576
9394 2794
176 1489
300 7403
5937 8556
7094 971
2412 3168
1824 2201
6882 8677
2295 3370
9986 4665
1848 4831
7555 3567
2553 6904
8147 3920
5233 6267
3003 6704
7341 1821
9536 8314
7793 4648
4141 150
7692 3667
7110 8962
1123 8337
587 9448
6387 6173
2723 6411
4202 6072
2184 2072
9798 193
2260 2229
5523 2892
6111 9927
9074 400
7774 6580
2571 7065
314 7585
6445 6059
649 3069
6137 3283
5527 8983
1216 9004
419 5818
7187 4793
7001 7167
7563 6334
7688 3226
8453 4287
693 2188
8904 9178
9083 4258
5979 9637
7536 5223
622 5381
1309 9406
3100 152
4694 475
3312 7628
4206 3726
6253 2259
6197 9692
365 9623
5238 4431
4253 2344
8891 9769
3684 5317
8447 5407
8134 1248
2306 3725
1026 1112
212 2476
9010 860
45 8909
9470 6481
2637 1746
8914 8104
6325 5089
8455 9970
3001 6037
4736 5064
9977 4142
9793 8779
3779 1747
6862 4161
4640 8554
2906 2975
3675 8555
8318 2343
8521 2094
4000 9935
3991 70
1499 975
2276 6587
3862 8091
7666 8934
5150 3894
470 1763
5245 3512
7280 8821
3794 9742
6623 3249
7435 9215
4864 7917
7957 3880
2456 1286
9753 1396
139 6889
9013 8828
8487 9821
5515 5298
8719 7890
1316 4504
5131 5832
3626 4540
2038 9047
3053 7027
358 2884
89 3688
9906 2797
1364 2732
6 9616
2508 4988
8183 9075
8230 6125
7801 8100
5813 2288
352 2819
36 8599
7747 5256
7771 2575
561 2802
5719 8938
7726 1005
2997 3973
6314 2044
1951 2190
4418 2527
2246 3436
8893 8462
9523 5438
7048 5869
9540 3122
2901 9766
3268 3975
3194 2595
1896 9924
6781 7308
1778 2055
9545 6773
1755 1107
863 6774
6160 5808
5112 4513
2962 5383
2528 2783
9692 2554
5800 1775
9247 3980
4488 4505
9585 1566
4778 5968
2509 7157
2701 5564
4758 995
9464 3245
3773 4848
4028 4571
3877 8848
6877 3105
3729 3497
9802 5446
4917 1679
5088 9246
5140 8655
1643 8519
5334 6134
6739 9618
8003 1684
131 6594
4657 5836
7428 8090
8002 8605
7289 8145
748 3486
8591 6178
3411 4304
201 8754
8642 7183
3542 509
4969 499
8634 1469
1686 1658
8213 5564
8041 9723
8293 1008
6563 3755
6598 8527
8072 3607
4940 1581
6823 6829
3906 7642
8803 1277
7640 9776
3867 3498
1409 3625
8436 174
5339 7129
6498 3649
9617 5437
1875 8048
2467 9133
5216 1510
4558 4381
3245 7204
3539 1504
6340 7636
2321 7110
154 9939
2322 4662
2337 1756
532 7273
7039 6458
9109 3113
6655 4432
5450 5799
3321 7700
5387 1070
3150 4888
5940 1716
2321 4731
5643 5713
6758 2193
1765 7795
2697 1319
1886 860
5903 1739
1035 4350
813 8271
2092 4082
1790 5574
2542 7216
8942 9292
740 3153
7088 7687
7769 5655
2102 1987
2827 60
7365 6885
8590 3968
1177 5723
5179 7857
2590 4120
3078 3690
1618 6728
1988 6587
5356 9877
4116 4993
2242 1335
484 3451
8833 1909
5216 1539
1767 8692
9584 8703
1942 3717
3369 5860
354 2440
5214 5059
9189 1643
6459 3775
8083 7320
7823 6152
7498 638
1408 2295
1945 2882
3202 5732
5829 5913
8813 3031
8274 2937
9213 3373
809 502
5426 2083
4398 9124
269 4278
4524 5846
3543 4466
8878 5018
2792 1160
2764 3839
9388 9340
4524 1561
6278 2487
1254 8620
6755 3430
1261 9728
9951 8937
2234 3570
171 3101
2822 6683
6406 297
5933 2325
4502 6285
3937 115
2018 536
9117 7290
3054 6950
1016 3079
6158 4149
9336 5963
9593 3547
8207 3348
9499 4033
6860 2631
5290 490
8629 9848
5377 1156
592 9507
2861 4219
9249 5333
286 4800
5676 334
7139 350
472 2748
4069 3182
1347 2686
9120 3231
1192 4973
6742 1808
1135 8219
7989 5949
1017 1628
1086 9159
5312 5326
2611 3078
5344 2529
4691 7184
2834 3553
8407 7381
3009 4377
7556 9907
4903 4851
7363 6198
8936 6931
1413 8540
8837 8331
6693 6565
1525 6627
4169 5977
5964 6484
5002 4555
9157 9517
7650 5825
3429 1668
1739 3123
388 3195
748 6807
5883 2352
5543 6422
7433 4884
1748 4960
8452 4634
2238 5288
6054 1649
1213 8412
632 5637
3520 4476
6432 2775
7368 6089
7061 9920
493 8111
8476 1314
3236 6594
4137 7892
8695 6585
3765 9795
8016 8113
8615 5911
4429 7649
4947 9691
8554 6955
7875 2891
7404 5736
4035 6029
8550 8688
5366 3422
7863 1663
4184 2309
2581 1122
2114 2256
4574 5623
6594 345
7148 5391
597 5914
7119 2857
6751 5263
9337 8503
9758 4473
2030 2428
8255 7934
9155 4334
4618 2192
8395 609
2623 106
1256 295
4918 3159
2898 8778
9173 9010
7482 3977
1953 4570
9671 3915
1125 9848
5255 4646
4412 1925
7538 3733
9297 5497
2283 2000
4374 4076
5916 9778
3872 8052
1750 9442
7385 3700
3263 117
4804 6805
97 9143
5858 2640
299 607
4370 2029
3262 2106
5088 8352
8940 3964
1007 1483
9466 1818
5477 1201
5414 2661
5211 4487
3371 744
8798 6007
5111 379
6044 3647
9086 3311
8583 394
6115 8397
2720 770
6336 7262
9849 430
9629 1783
5995 109
4669 7294
4077 7316
3642 8808
9377 9203
24 553
309 1618
5256 7546
1436 6753
6130 1587
7005 570
5840 2096
9385 6745
6258 8720
9518 4152
7470 595
5619 3179
9995 2501
3913 5677
4116 2312
8604 3238
3883 3499
9646 508
7360 6187
7731 6741
1449 8586
2380 3005
3424 2140
2656 4879
7716 2299
6922 2959
4013 7163
5507 2119
2810 6774
6417 6738
6087 7153
4114 2386
4381 3348
748 4905
9308 8641
4076 821
9054 1425
3489 9890
3726 9444
3814 8736
6359 2073
5565 1930
4278 4829
1935 3742
3819 9899
8813 6512
3481 9454
7750 5989
8455 2682
2942 7297
2255 1586
7737 1756
5475 6485
4889 8738
886 637
8149 6913
9201 9334
9581 2235
2297 3942
2884 9528
1999 1073
7904 8668
9859 9904
2434 3365
9224 1608
833 8140
6360 2647
8337 6639
3480 2037
977 9185
4075 7954
544 4420
3850 9287
2269 2051
7037 1010
3967 363
8097 2584
5517 3482
2665 129
3534 4273
5906 3623
980 3727
5930 1305
6577 5069
1972 6494
2809 4337
1571 2430
9150 3825
3028 9568
7547 9750
3751 9142
6844 5908
3177 8119
3525 89
8896 6035
6698 4544
2630 1455
8001 102
7947 2153
7384 9468
9359 3134
4601 2348
4888 3338
8515 4127
4826 5379
6019 2437
7983 2081
9468 3398
1682 1170
5789 5210
8123 5752
2890 904
8473 8856
9430 4609
2267 7037
1783 1518
3835 4951
9470 6887
9239 7153
2395 5089
794 2343
3744 6821
3064 2025
7691 7173
2817 6555
1681 8652
8931 8102
253 9783
3778 2506
7410 1974
4273 4512
43 115
977 2685
5548 5419
5426 8321
5891 7805
4756 2378
363 3127
2778 8637
5548 946
1154 1389
4125 5783
8049 6973
6394 9698
8948 1446
8283 8657
4052 3052
4913 8061
9206 7144
1646 2648
211 4009
4639 7109
9858 1190
3539 636
7671 1702
6050 1028
7818 65
6541 4965
6403 2970
2982 8137
585 1414
4484 3595
9097 8042
9314 6742
5589 1123
6879 4656
8688 7095
304 3551
8753 3486
777 7464
8142 9912
471 9321
1790 1018
3893 5141
1994 8415
4819 6254
5834 2167
1187 1462
4133 4689
6640 8406
8436 2782
9189 6515
6038 8342
2503 6490
7239 2659
5493 2513
8792 7214
5242 1663
8935 1926
5324 450
1752 2156
9811 3758
4470 7639
3866 7468
4600 5482
5952 4897
7525 2658
9851 1850
5041 4115
4704 7794
9244 8264
9786 3179
1229 4100
3472 9354
536 3607
8499 5098
2381 4263
9988 9216
8531 5804
1670 2096
4820 328
4365 6554
8696 9562
2156 4769
3330 5746
2712 8279
2306 5412
7994 4045
696 5
7609 5571
9632 861
5982 7486
6843 1158
7790 9874
2333 9117
6357 5721
2051 5254
1147 9748
99 3735
9487 8441
405 5314
5267 5582
9059 6541
2026 9177
3527 2575
57 5837
4756 6732
6759 3602
4114 9750
8621 9776
5847 1050
3218 6667
3091 3191
2469 5726
4191 234
7716 698
1525 2388
8334 7709
9548 7311
9299 5971
2173 9710
5030 3839
8118 5258
1638 8277
6726 7095
4435 912
2363 6362
3356 3221
4588 7175
2251 4085
2146 3951
7428 4372
6558 4642
482 7372
638 2089
3312 8261
173 6625
6717 3954
7522 3218
9027 186
7151 8162
4979 7495
1047 8212
6262 3175
2585 3731
4082 68
9887 7679
6484 8351
5682 6018
932 4211
8146 5030
2513 5754
904 2855
3768 8662
8821 2583
6266 6621
6739 1259
2689 405
8042 698
6458 5875
9328 9722
3183 781
7918 8885
6956 666
8063 8871
4314 6859
4944 6306
606 6555
3166 7515
9931 8881
4231 9103
815 5703
5346 890
8591 4697
1886 4199
6479 1591
6036 4070
7350 8568
9298 5889
8727 8178
3592 5017
490 5307
772 8407
6124 7503
4492 2440
5039 1589
2010 7526
6374 7454
6435 9242
4937 3791
6854 4048
1513 2945
58 11
2014 9115
1453 9616
920 1926
9035 3688
5288 8950
251 1894
8666 5312
3076 2672
2722 6875
8512 5849
8093 4055
3440 1697
3647 353
9135 4052
2399 6915
5321 5357
7910 3399
1868 7379
4703 6911
5909 4122
9738 5804
2247 9577
3271 2642
4993 3581
940 6231
9625 82
1162 7576
909 7352
8176 7829
3098 9248
7355 3828
9612 3580
885 7935
5978 1118
9683 5007
4725 8202
608 5372
1332 4476
3873 3449
8889 4013
9461 1947
7644 7663
4980 4321
8465 2241
9375 5008
6718 6686
2661 7924
5410 5601
1334 2110
8052 1431
2768 3985
2296 6196
2846 5591
6098 5566
1426 6872
2813 6335
8804 9440
9094 396
9303 9097
1761 9704
6180 3893
7555 2196
3892 3296
7479 1361
9551 7849
2540 1569
2668 1724
1790 2063
2342 8539
353 5197
2276 751
4481 3299
5228 6023
2262 7253
337 6188
7690 1398
930 9771
212 849
9025 2000
6180 8094
3762 339
8446 323
2932 3219
5312 5129
5497 3857
8765 4362
1712 2163
8717 386
5509 8426
5738 3251
3725 8237
696 2232
1734 5309
1263 5235
1630 4166
125 6947
1127 3052
4590 5077
4028 8886
4474 1841
8693 7496
9396 9743
3281 2075
738 9357
7902 3530
2127 8833
6469 6516
2410 4010
3761 4571
8164 6643
1038 1252
9765 3676
8783 22
3737 4366
8019 5098
215 6953
4053 2465
6356 1014
7390 5578
202 3161
1620 2099
2158 7683
4766 1492
4846 3922
888 6107
6016 6906
3611 4634
4864 3488
2143 6054
28 1129
204 3929
2057 4254
6812 9701
739 8220
3893 8665
4634 3514
318 6987
2714 1039
442 4912
5083 3274
6798 7547
2683 7448
8846 7851
5269 5528
6453 6571
3965 896
8827 8324
6059 7677
1519 4176
5190 3435
3925 4431
999 1512
9892 8283
4590 6580
8435 4044
3626 9617
4673 9969
8193 7075
7311 8952
3582 4352
8681 805
273 6581
3248 3661
4339 4652
1083 6457
9635 4256
120 4984
1511 2968
5164 4232
6590 8307
8185 3956
6937 9925
8241 9780
8670 7033
2749 3384
4368 3328
1930 5476
2112 3399
1366 7500
5907 7733
4822 1526
2515 679
7503 402
986 3453
6834 8248
3372 9960
8416 7128
7275 9389
1939 6469
5120 3969
6206 3798
7695 3773
3794 7423
6121 7722
4725 3891
4594 8584
8863 8663
8560 6533
5746 3202
6840 6652
8017 9583
9571 5365
6850 1263
6099 7202
8449 113
2606 1444
924 2724
1939 9360
6884 7611
6910 3903
7782 7707
8024 1502
463 1350
3378 3332
4694 3508
1943 9406
4383 329
2785 4618
6251 391
1413 2130
845 5460
7546 2544
552 6163
2149 807
4985 4925
8785 7573
9529 1999
3370 9651
107 428
8176 4829
9496 8363
9099 9058
3098 8371
8771 6774
5667 4522
607 6664
2168 6008
3020 9385
2536 5429
3807 7618
686 3096
7258 689
3547 4069
8425 2128
3580 5561
2496 3187
8796 6656
8837 8071
5988 1953
9582 2828
8821 1671
5176 9863
9472 9231
5259 8136
9047 5146
9683 9795
2784 436
5443 2182
589 1773
4467 5168
954 8852
7252 8503
1789 3544
8848 5595
2785 6750
6746 5043
7466 5944
5386 2617
3653 4845
9215 4142
4003 4432
1563 9878
2726 8020
9102 9075
8414 7360
2531 2064
9345 2392
9900 8017
2699 8811
2959 3172
7294 4656
1731 5310
8794 1308
3284 6148
1890 9155
4129 124
2471 3008
4398 392
3890 2919
7946 3739
5000 7787
9990 847
4934 1520
2590 556
5292 8509
4369 4678
8478 9549
1230 8269
177 5419
4025 4533
7996 7870
7279 8844
7505 8621
3890 5740
3217 6994
2909 7281
2394 3414
5503 9509
7555 2556
7252 5142
9152 7792
2500 3532
9906 7393
1161 9940
5921 7183
9787 9935
6735 7072
7033 5106
3085 2863
4475 8855
7356 8129
4811 6523
1565 7089
2732 2206
5727 7655
4089 5682
4270 7628
2380 3218
6618 3030
1949 6526
3510 7202
2061 7423
7073 8877
1973 8341
5008 4720
823 5030
4046 5015
9184 2407
7882 6717
7223 9922
3978 9101
5675 1168
1583 7940
7689 9074
6100 7600
4851 2677
2743 1491
8081 5651
6528 5942
6562 716
1106 7018
4241 5300
5335 5528
4303 1063
4828 7791
1118 1394
7127 9833
9498 2
3044 2213
6978 7999
6838 8629
9211 8212
2605 3798
3215 9748
2666 3521
2012 1203
8081 50
3177 1899
874 5670
6204 660
218 5704
3276 9650
8348 8693
1107 8739
8082 777
2877 817
9409 1758
8509 8409
9778 8641
8273 4005
7647 2186
7969 5917
6534 8607
8121 6083
5895 307
8813 6274
8025 3751
9775 9037
7538 7185
6126 6364
5840 9682
8794 7635
112 1892
6241 7176
1934 9591
5980 2453
8153 9422
6388 2715
7427 9996
1088 180
7507 5018
445 7576
7075 2233
7220 4284
4963 5657
243 5285
416 263
3879 8364
1430 9322
9512 342
4399 9872
9842 3448
553 2883
7613 1158
6936 2718
804 253
2375 4406
2959 2060
4158 1086
7739 3974
5893 3261
7435 3913
3946 3123
7915 3518
4749 3349
8695 3640
7084 662
6766 6950
6720 9794
4115 1455
7413 9994
5765 8176
38 112
3271 9797
6609 7211
531 141
4491 8744
9479 8540
6084 1201
8352 8420
8490 1622
4354 6284
2340 6470
6230 4713
9222 4263
8995 5468
9187 7574
9523 9238
1511 3093
6056 4662
6339 6475
8381 1780
2496 5389
9424 7726
5723 6847
910 3127
2092 9037
5217 3103
3376 7005
1842 3191
3418 7178
4996 9315
352 4142
6217 4572
639 5209
6438 4821
8321 1329
7121 8243
5999 2963
3868 8101
1743 3395
9732 7616
1033 6624
2448 5061
1349 6197
9815 2950
234 4072
8206 4274
3143 7545
1017 8755
9446 283
7623 3385
2889 8770
2869 9832
3331 8009
5187 6634
8871 2734
4217 1029
5628 3832
2346 2775
9583 3415
9424 3536
3893 1971
5493 1839
6709 7923
6590 4520
2933 9570
8344 5371
3597 4393
6460 9956
1120 5701
7299 8260
3686 9833
3795 7322
9162 3758
1077 3370
2250 2749
8721 4939
982 6257
468 2543
6357 2049
3248 1935
3828 5802
6617 7309
6271 7632
8030 6284
8005 3205
8219 9122
1936 264
7913 7728
8314 1729
5915 4796
5894 7230
6163 2029
8096 266
5041 5288
8408 1667
4530 2954
2437 1083
8779 6865
4921 4216
3594 6886
3867 3263
6394 7889
7473 3854
4488 6101
238 9470
3388 3399
7313 1886
7871 5066
2112 8313
3210 1232
1731 572
27 1548
5804 8789
7917 2993
1507 6153
8166 1338
2601 9487
8968 8291
590 5713
3981 6248
3051 9491
2625 4031
6868 5228
7163 4618
6863 1697
3741 9702
3242 9756
8194 5053
7703 2937
6311 7147
7687 1619
3299 1579
43 1768
3174 8859
7866 5700
5038 3228
4880 1246
3499 7420
8548 7493
3590 3809
5772 617
5086 479
8621 2522
6356 1790
4645 8716
6647 2878
4779 8182
7734 8218
6712 3501
4453 6923
6455 9128
4352 771
7883 1345
2881 9779
6853 2601
9518 8027
3628 5078
640 1774
6980 676
6208 9477
6625 9832
1582 1280
6350 9530
3081 785
3855 8491
7107 5078
4920 7131
7526 7068
9401 1896
957 7288
9076 6271
4423 1853
7493 950
2674 8385
575 695
3394 4091
2686 2219
1632 949
538 3692
2620 6597
1576 6498
3293 4532
3856 1541
4679 1265
5638 1190
4850 3276
1945 4956
6570 9109
2314 3310
8675 7273
7853 8942
7144 147
8356 5994
6305 8459
5929 6588
6518 1237
8012 9635
4145 4746
3415 4584
1684 2021
4513 3804
1058 4077
2137 2694
5083 5722
6534 2809
8615 4492
8921 5364
8456 2887
5845 57
9906 6325
8809 4865
2909 9896
8415 7495
6568 805
6614 4005
1671 6807
5047 6511
9403 8376
1297 5230
8837 7461
6162 3357
6361 8453
253 9375
9862 6551
8810 1857
2883 3385
889 7305
4802 7480
8325 3851
5925 61
4776 6038
6631 4172
2070 9635
6943 200
5965 9205
7161 9266
2924 6925
1360 5848
4246 4693
6738 4180
5107 4934
3623 6644
7773 6162
4720 3774
2467 6707
1909 1648
1159 623
6393 6174
6211 7989
3905 9638
2840 662
980 3790
8053 641
9928 5487
904 5749
4282 8785
6524 5423
5863 7577
695 2744
9233 9345
9801 2807
2238 457
3575 2441
6160 6918
5326 5833
7969 728
2288 2625
9006 4048
4471 8441
8574 5419
7825 1095
6006 2018
6572 2263
4195 7649
9079 6477
3776 3843
8800 2103
7113 8407
1033 5376
617 4646
4412 1160
4621 1619
3700 2746
5032 6881
4169 6923
3480 6640
7458 1055
6989 5164
5324 7776
7820 5592
6674 5667
8790 8725
7471 7421
5471 5369
3384 4216
7411 9154
792 5715
1312 3819
9636 2869
2138 9306
4926 2166
270 8986
5963 8829
4654 7590
7670 2842
2821 7192
1413 3008
3253 9239
9163 618
4158 6143
2180 748
9002 6089
2962 759
2635 7340
315 5145
5837 3808
7716 619
2589 664
5003 115
1785 9463
5108 6329
5108 594
1087 9867
9478 5874
1943 5989
4167 1057
1311 4983
4449 1203
8494 380
2720 9290
3290 1446
4634 8628
9542 4220
1050 2944
7971 4548
4320 1196
4833 5027
5836 5407
9387 3177
5598 5267
63 6900
3308 4016
4771 8657
696 7866
8177 9306
7312 7582
5441 3223
3985 7640
8338 8584
163 7541
4645 9991
6598 4063
4210 457
736 2009
4968 4284
2957 8282
8171 5250
5788 1206
6021 8173
4881 7495
561 8251
6510 6915
5120 9387
4102 6234
9444 206
1317 4145
2360 1388
5432 4184
7353 9256
7905 4547
2334 9648
8482 7129
7649 3330
3230 498
4390 2597
3173 5078
755 8610
8119 5847
5187 5011
7290 1457
3044 7428
8895 2090
8799 7386
8992 1880
6669 5445
7050 1959
8883 8018
5301 4053
8701 7337
8938 8845
8890 3748
1919 1704
1106 9383
1617 4425
3996 1162
3507 2703
8424 1223
4435 7060
8919 7907
4014 8878
1995 7107
2708 7549
5356 2287
8900 9084
6595 1132
4530 9418
9288 1054
4117 1830
9381 4181
1982 5935
4419 6442
7816 4614
7504 5258
5804 5342
2272 6782
5572 15
1494 2643
1440 4389
2799 1571
9933 1179
9329 1492
9270 9440
1461 9275
318 7402
6472 4430
4501 776
2908 8277
2584 7823
7876 8229
5003 5319
4041 9654
2701 1699
6489 3538
118 1584
8146 2116
4485 5099
9318 6032
7117 1928
259 2412
5580 5736
9720 9495
6071 4154
2826 959
7729 4380
4050 2901
7673 31
7895 7006
2190 293
3018 3885
2420 3089
2249 7278
311 5469
4373 32
5408 8321
4091 6608
5887 4224
8585 5188
16 5825
745 2319
2542 1070
7260 1136
7927 5912
8502 1065
894 2482
7374 9137
1451 4816
5402 8695
7012 3428
9380 1791
7538 1690
7905 8537
6418 4669
1897 8242
3544 3885
9608 6927
8173 4676
3168 93
6427 5128
5409 3602
5757 9304
7431 317
1083 6175
5550 4020
2029 1133
8792 8058
7118 6685
8011 9927
7571 4993
2244 1292
9586 176
4970 8502
9717 6940
2857 9048
4857 8108
4107 786
9442 8377
9917 7447
8409 7223
9797 7197
3584 4052
1543 7278
2117 488
9741 9989
3218 1240
6336 8378
954 3887
9300 3765
5927 6377
3175 6092
4815 6047
5065 7612
6369 8793
2193 6780
9794 5377
7951 1812
4343 6338
3023 855
7881 9415
7814 4882
8179 5166
1081 8370
2111 31
754 5014
2929 9375
506 7480
5820 4832
5283 6314
7830 5960
6273 5775
6365 5802
7677 3674
449 5126
2860 266
1469 2773
425 9583
688 3904
2236 6687
3811 8617
7132 6257
4636 9508
4480 3248
8677 108
7691 435
4960 7647
3792 1341
5667 9679
1403 1416
2081 4583
1397 8766
8293 506
7864 9320
7925 7530
4570 779
3194 9136
6571 4086
9821 1313
4786 5269
4807 2543
6906 780
599 6519
518 8549
8232 4704
3891 1773
2450 5278
3630 6279
3082 8285
3564 6541
1144 1005
9798 740
4098 3202
6551 6140
3265 7719
6431 4929
1929 4096
3179 5733
977 14
5681 2206
1488 6248
3238 3871
2160 5659
6873 9843
8188 7184
2008 8643
1844 1528
4914 6003
2352 1739
7471 2020
9030 77
1122 9464
3622 8345
9000 4691
7146 8266
9973 9248
5247 2937
2651 5281
9196 2816
4128 1399
8453 2567
1088 2126
208 7281
9338 9162
5773 2472
5988 9939
8724 1192
9109 3618
4894 9775
4756 3903
6292 3761
6210 4583
1380 2986
9553 9045
9977 6633
502 7088
9739 2684
4240 5531
5922 5602
3826 490
2119 2162
8047 4674
5203 6324
5258 2186
3399 6093
2891 9096
9803 2228
5779 1775
8576 3372
1461 4010
9381 7443
5698 967
8796 6005
4315 543
4622 5231
9551 5830
3991 7496
875 3338
3495 7535
5828 4733
5923 7345
2965 8817
5576 4534
7248 3819
941 8868
6439 6476
1475 9737
1405 8430
2404 7585
9066 81
6049 3892
2825 3216
3782 3754
210 5246
2280 2618
2 8769
8115 5048
9202 1839
184 2284
6327 1127
1663 2343
8597 753
6990 6140
3579 6860
3592 9590
9105 2912
3155 1052
5984 1102
9005 6147
600 2650
3524 2870
1452 712
7093 5361
4125 1790
194 6805
6489 2944
2041 9048
1602 631
7458 9475
6103 6950
8719 6219
6561 3529
9464 6805
5950 198
7818 9964
2180 2625
5148 1471
6702 5126
8166 4235
4001 2225
2065 2740
6721 77
5471 1512
6892 9050
18 5947
6229 6045
6947 7039
837 2524
8922 4630
868 7175
8754 4389
9727 6923
5547 9621
8279 6094
9442 7344
4364 4591
4744 6928
3654 8769
2600 4513
4115 2546
5220 8927
195 301
6566 6877
1704 3160
2860 1504
182 2353
1697 2657
9699 5953
4128 6283
1920 1970
8374 6346
1571 2883
1452 3159
5324 2575
3313 7529
885 1523
2836 7196
3554 1316
2981 4924
7951 8595
9965 3586
5423 741
4473 1002
5896 1859
2113 4317
2901 7974
4197 9915
6102 8441
861 330
1910 7628
8742 6912
1208 9013
6814 1942
8090 3025
7217 1435
4631 1422
4043 631
9727 969
5657 7374
3722 5475
7205 9730
2316 4766
3501 9912
4185 2348
9396 1427
5163 2348
1652 7902
455 7776
1404 7687
3247 8540
8223 5498
5168 9860
1289 5162
16 7553
7255 7145
9564 8006
8551 6340
1828 9307
9141 8743
4182 3851
593 3759
5292 8152
7731 6483
8414 9270
4838 3669
3126 2150
3410 7689
3904 9776
7973 1576
6784 8037
6243 390
3577 8587
5107 6260
5371 1009
7506 6881
7966 7056
7180 4191
5730 2561
3135 4225
2603 2864
6361 948
1194 8610
3700 1584
2349 6056
5169 7127
7097 6447
5654 6359
1620 4425
4842 2268
4356 508
3304 8057
3423 1423
4139 5000
1862 5811
4191 252
9871 81
2693 9241
7241 6153
2591 2720
8331 3094
6998 6709
9870 9860
131 1522
3161 2234
7144 8772
3967 7170
8822 4341
6911 740
5058 8046
3400 5354
2239 4140
5083 6710
2271 6792
7559 766
3100 2302
4773 7529
6572 7326
6354 7634
1084 2926
4455 7565
9182 668
5473 354
4110 3880
6866 9986
5636 7447
2153 8707
1518 8168
3106 4328
5295 9823
2606 2266
1365 9052
3213 7406
6553 9384
3800 8613
2585 4046
6306 1201
7005 4625
6045 1820
9942 3099
7338 5150
5695 6777
1866 7176
7386 6103
1603 9760
3767 4262
8562 8160
9843 3548
2453 8301
6747 9178
8141 7158
6442 3155
9494 7167
8678 6498
6984 9778
8893 57
5308 3351
3033 9416
7146 8959
3516 9739
926 7555
7081 1057
9235 7232
7033 9186
6171 294
5409 4935
5699 5166
2526 5622
7339 1569
4498 6063
6713 9079
2912 4550
7276 2327
5157 160
2392 5524
8307 2650
3968 7898
9912 2596
2290 8566
9707 5638
888 5213
8690 1050
9514 9797
9868 1557
2316 765
1431 767
8625 7524
6596 8635
7617 9327
7375 3773
5655 7166
7205 5786
2947 3246
7835 6837
5302 9227
7495 6103
7709 272
9065 9747
8994 5626
4066 7031
613 5463
537 4902
8376 1594
4387 8361
6638 7515
6244 1193
9352 1911
6193 527
6332 2958
7204 7420
2000 8102
3291 971
8526 162
1595 8460
2386 5903
3671 5946
1127 2528
2554 2526
9785 9454
4929 8475
8498 7550
4403 5450
7529 3673
1707 9531
8557 2075
1031 3659
7470 2226
9252 4392
6611 1227
5944 8356
622 9343
7533 18
4988 9359
6439 9120
6244 9360
4545 9319
6827 1282
4698 9532
1002 9027
2289 272
1711 8755
3204 4899
7735 7198
2725 2603
2284 2182
3039 5625
571 9634
3732 6514
9322 7899
5986 4828
9184 4706
8439 1664
8980 9083
2125 3839
6889 5894
3131 7529
4354 4952
7142 4427
8902 1194
6972 2015
875 8216
6887 5643
4309 6125
7401 5933
5426 4501
7293 2070
5925 1029
9820 3520
9840 2630
3508 9919
8245 6063
1093 2878
8386 2959
4164 3802
3768 2026
7045 4517
1942 4103
6719 4773
8157 805
8591 3057
7901 2122
8243 8290
2367 5702
1637 4587
1941 2095
661 2469
1235 6433
3698 2098
1085 379
3893 8314
1282 9792
8873 7770
4880 4351
2753 4528
3213 7482
4110 4777
6837 7321
3853 9414
1495 103
9166 9020
1880 1247
6464 2286
4202 5597
7355 8536
7109 7985
5648 7698
7180 8885
779 7087
8018 6400
2985 9631
947 4766
8351 5114
3889 6949
3673 5604
3985 1452
5645 5897
7364 7212
2078 5917
5797 7285
2900 3904
6243 5148
2233 5670
212 3353
2766 8974
2454 7123
8742 1890
8154 3960
8674 6517
7223 2182
8344 9277
7943 4940
5137 5917
6030 2881
3510 8489
3220 6452
6188 6489
818 7934
5400 9867
7494 1710
5737 1721
5784 3709
4574 4213
327 9669
8993 7839
7862 5651
3078 3854
6343 2543
930 1826
4263 1934
1947 1227
9107 6145
6959 7899
4717 8516
7447 8933
8645 4824
8938 8878
3925 4348
1989 9939
4846 2435
3649 8546
1119 8007
968 3754
4525 1712
8839 1869
1688 4143
2558 6894
5424 3588
287 9272
3374 7073
6880 1949
4226 4445
8583 6959
3961 3084
5363 3748
5762 3095
4484 5862
238 5652
7634 3052
3529 2146
5175 6107
9497 4702
8321 4998
9057 2000
4373 1898
7275 7476
8448 2980
3368 3248
7406 5091
5405 5789
4756 6823
18 8376
7342 5411
5050 3623
5279 5471
6137 2821
3411 759
5583 4400
3478 8493
1826 2197
835 4635
4743 3927
3502 3642
983 5994
7257 7416
198 8443
5699 7591
3467 4134
2534 3264
5234 7163
2992 6506
4910 4711
9346 4005
981 4842
5281 5811
3206 9775
2776 6883
7793 4083
8652 5804
5323 3118
1804 5448
5700 5532
5621 2827
3034 6809
6687 3748
3092 8144
935 6560
2085 6430
7445 7006
8680 3098
9584 3792
2849 1195
7949 6055
9803 9113
7464 2932
9676 7772
2949 8185
879 5056
7377 4598
8364 10000
4270 9291
628 4371
8003 3687
6142 9893
5468 1882
1397 7931
5820 3775
9752 9047
6038 8430
6877 9294
9855 8652
3737 8735
887 3947
8792 5739
4898 607
4629 8216
7492 7898
6893 3516
1471 8304
7536 9666
8079 2782
9417 9326
2043 6748
3728 4169
1635 9686
5573 1486
9685 6128
4826 95
3047 6563
4991 1142
4493 5984
434 5817
483 3789
167 5626
7165 8166
4291 4683
4212 9590
4354 4821
7598 5707
4467 2291
4328 7007
8260 3793
6831 5073
3559 6154
8651 6645
5717 7012
340 7431
8347 4259
6672 2462
2298 158
8533 4102
5719 7729
2433 7150
5652 2318
2529 9130
690 931
526 9836
7140 6212
4458 3466
7827 1431
564 8918
7845 9489
32 4868
3692 818
689 4849
8733 8921
4017 3713
7700 5594
8237 4106
9864 1566
2052 183
2042 7892
2649 8928
243 9906
6198 1768
8894 8393
5360 1266
8940 2663
4900 372
4104 1669
7107 8620
715 5840
5572 5010
3843 5981
9249 7133
5615 8713
9059 6741
3020 4368
8638 6852
1073 1171
7929 9960
8706 6549
4834 7724
3388 5662
5766 1971
8858 9331
5606 7823
8950 9530
3974 1791
4736 3513
2804 9514
9910 1811
3575 3098
2474 9901
8463 5824
7724 4243
7942 7738
2335 2659
8419 9280
2212 20
3101 921
5123 7765
6419 6714
5947 811
1819 8240
4363 4166
8797 7721
549 7402
4367 5946
98 296
1636 9375
1897 4704
9520 1806
1881 3623
1141 8792
6288 2998
308 1200
2016 1522
6633 3504
8180 4358
9260 2747
1017 4299
8167 8187
2695 1322
6736 6764
4858 9526
9420 4383
1284 5314
5074 1704
8927 819
4479 1940
668 1060
4414 680
693 532
2155 5751
7031 4934
6639 5515
3538 5510
6030 5028
9912 1626
7381 6411
2932 4706
6079 8131
2210 1084
7220 7335
4958 5050
5604 9007
1595 2158
6936 9351
7619 634
8001 1836
5126 9024
2598 5779
4747 9135
403 1316
1907 7297
7954 7788
2618 6132
8559 2551
6646 144
1202 388
5028 816
2465 5227
2027 4189
4476 8979
7342 437
2676 3496
740 8764
5228 9619
2981 3078
6820 9960
2738 1695
919 5505
9769 7978
7695 827
7547 6330
6956 5320
8125 9029
4662 1306
5713 2092
8634 8585
4888 5303
7515 8395
3376 152
4539 6390
3224 7582
5607 8718
1865 7745
3559 827
215 3859
5504 4379
6727 9875
8931 3400
9452 2530
7424 7116
7558 2743
8397 2602
2760 5229
6859 5416
2741 3077
6933 5580
1767 341
1553 9365
4839 2929
2694 5496
1276 5589
4673 3800
7801 4740
4014 4102
9865 6698
437 3141
5805 8154
6301 8783
9985 9858
7741 1522
1779 6691
4440 5858
5144 8880
7781 53
1701 7746
6913 3930
2906 9877
6945 6915
3275 1477
1873 799
1508 2039
8447 2115
3076 3719
7704 4115
5665 9576
872 1938
4171 1300
9682 8333
5504 7109
9001 2713
9142 7497
6327 6793
3200 1385
6253 1583
7641 6882
8211 6400
2086 8605
5844 4000
1308 3547
4855 6950
3449 598
4529 3801
4703 6755
8034 6310
2711 7130
9038 7842
8959 738
5794 9546
7350 4589
8503 5169
906 7411
9533 1161
2755 4643
269 9807
1138 4729
1108 1498
1101 5735
7152 6764
7725 8958
8527 6690
163 4277
4814 5056
3756 3886
2915 6104
8218 756
2616 7348
3304 6529
1882 6025
5084 9368
5009 1703
1899 7039
4942 5231
808 1855
3050 9267
3005 8808
2448 8175
5902 9031
4674 5116
7314 3019
5069 6276
447 3172
8954 2227
3601 8626
4252 4176
3514 8442
6857 5831
7594 3525
4512 7001
2090 579
6513 8316
5217 800
2446 2598
6683 2090
1949 3534
9744 1161
99 7126
1997 3774
6423 6835
8513 4491
8770 3874
3780 9492
7898 3097
4355 9111
9356 8898
831 1655
8943 6771
6741 3387
5337 9874
9098 1328
3081 4319
9747 3931
9993 8791
3758 4567
8727 8369
4786 9424
9677 4920
7172 7236
933 8595
4491 3661
8502 7378
2360 7270
2685 5667
5840 9207
9203 2879
381 8909
4681 3262
1848 1808
209 4508
4521 3238
5274 2017
1736 824
1157 2236
3147 3805
8781 7535
9150 6552
344 1845
4739 9803
3206 5129
6656 9290
519 1654
5056 7026
9835 5630
1202 6016
628 6180
404 5448
2731 827
9837 4796
8719 9276
4248 8634
9768 527
4326 9179
5601 4882
2679 7240
4019 8579
528 6339
9722 9932
2485 2925
1895 8694
7126 5748
3484 4369
4845 5601
8073 5425
9856 2055
2289 1468
507 8169
6540 2728
1730 1651
4123 8171
2386 2969
4160 7302
1798 6787
7684 1761
5342 6768
8635 9865
9034 952
8549 5215
8974 2506
5448 2302
7935 2929
8746 9256
1550 7780
7437 4644
1607 5031
3096 8704
5502 5412
2020 2850
126 5385
1467 1587
2317 1487
1378 9536
5465 7714
3093 4482
207 2078
5418 7309
3782 399
6542 1624
9068 9025
9142 2403
3102 2905
8876 7470
7499 141
1541 1057
8982 6215
3395 4396
5633 9521
6972 233
7968 8560
6522 4475
7672 4426
3989 3846
1030 3116
8946 2119
2887 194
8493 8098
4632 833
6796 8909
9778 2693
40 7476
624 2878
6465 6407
1836 8202
6069 2465
2365 1059
2780 8327
8069 747
1769 9275
7768 659
3395 8928
3718 5641
3281 4049
886 255
3975 7685
4199 5730
3905 9317
9003 3082
6933 5637
7923 4577
7692 9744
53 1689
9746 1553
7389 9743
654 4135
2484 6514
2339 6722
7909 1452
1038 5607
7864 7378
7058 8278
1362 7991
1238 9748
5654 8385
6007 7679
1248 2279
1986 7078
3143 2673
9336 3238
4006 7373
6903 3010
4253 1587
1222 7152
7545 8686
418 8188
4878 8188
6682 4850
9385 3472
4532 3812
3061 1634
796 6254
1439 131
8777 1209
1850 3137
913 4688
4430 3324
3474 9622
9330 7166
7396 4918
679 2530
7028 4149
287 1327
2451 1032
5271 1953
7436 3512
7895 7557
6056 9455
5769 7703
8414 1904
7131 9803
607 6143
5351 9642
5730 3511
3540 6045
2818 4462
8153 5998
2441 2579
862 5169
2415 5575
5936 2845
5594 6037
5293 3909
2334 426
8100 9778
59 800
8980 1192
1763 4382
1240 3961
7541 8818
2669 9857
9231 7901
5998 9020
2495 410
1657 3246
3414 1898
8017 5475
6594 7993
5125 327
887 7278
7011 1034
1022 8734
591 8714
7892 4599
131 4401
3718 1895
7901 8459
3965 1505
7491 5324
3117 6077
3376 4014
9824 8442
3746 8212
8850 9630
930 1682
5037 9478
1362 5920
420 5021
5046 2974
6446 1248
4751 7042
6494 6781
2922 3185
8162 9217
9542 8249
5616 7986
7063 4251
7668 607
6877 1306
6559 7107
2183 3849
5218 8492
4666 2453
4836 3095
6443 599
8760 1264
2789 1244
1211 6728
8550 3775
4226 9291
8637 4986
7087 6320
9355 7115
3149 1191
5430 5986
2850 6770
335 289
1157 6038
8550 3273
3261 6599
9369 8752
6739 3181
6991 9339
453 6786
4601 6322
3051 803
6684 9058
560 6106
2424 874
7388 1525
773 5387
8852 5891
3227 5677
9500 8547
4148 6790
5268 794
8078 9968
9839 6634
1754 5358
6424 4552
6899 9346
8646 2538
3858 6611
4420 9701
5373 7207
6306 7389
3113 3346
5146 6223
1102 9032
9456 8791
48 3550
7056 2062
1467 8810
4964 1130
201 1109
2688 6478
8779 9504
659 3013
1182 187
2815 5288
9808 2694
9975 6992
4066 8308
5178 5918
5070 5327
2556 8389
9302 5087
7624 4665
236 2886
2078 8605
5403 4467
3387 3973
9981 6723
6043 3968
1443 2185
56 960
2587 9776
5014 2427
1900 6501
468 9521
7399 16
6036 551
2013 2438
7192 6350
5253 8274
6457 9446
2000 4436
4858 2500
9810 8699
7603 7652
4691 9874
2084 9422
2993 981
3897 1374
6068 8782
2334 2493
8289 2322
844 9393
5747 6896
9240 1664
819 7414
1619 8313
9299 8128
3100 8712
784 1378
5570 4663
8705 4933
2965 3573
1682 7159
831 7171
6040 4467
5120 9697
6293 1075
2956 9424
4612 8127
8201 2381
8460 2618
4695 2447
3790 4328
7535 5663
170 7030
1722 1698
7246 359
6428 5835
6690 2598
1073 3554
1099 8759
2181 5454
1247 1946
8102 9682
3638 783
4429 3976
2993 4917
8892 8169
4060 4938
5480 8066
9626 7955
3142 4730
1969 4594
932 2474
978 8821
8262 6735
9389 90
6738 6815
2703 1646
8952 4508
3245 8069
4846 2497
48 2854
8728 6716
2139 8238
2840 4532
2650 7566
687 2815
6418 3010
5312 7703
2361 1769
4840 9842
7084 1412
1933 9631
144 1681
5010 3726
3397 1287
1107 9353
8516 9353
4346 9407
9299 4974
154 1392
5607 6212
2851 8711
9016 5750
2121 1311
9821 8690
7385 4872
5597 7623
5434 3092
9402 9935
7602 8489
1451 8108
862 3756
7669 6855
9680 1414
5289 8346
4160 5964
6217 5044
465 2524
1800 7600
4097 6734
849 9686
6340 4645
4676 1168
5660 114
2265 1211
9194 2906
7331 8691
7305 4487
2890 8866
8171 6525
1173 2915
1231 5673
1287 148
6187 2738
4896 7184
5488 6798
3841 3189
341 1503
8771 4853
888 4393
13 3519
8233 197
2814 6400
1477 840
8770 5398
6489 3261
689 3612
3970 3026
4040 4900
9786 9723
8741 2729
3422 1154
736 8112
2803 3232
8253 712
6754 9896
2118 6053
5269 9446
5116 191
8042 9474
7377 2404
5152 7139
3973 9739
1629 758
6356 8635
4510 6516
8372 8292
8399 4064
8326 4705
9853 794
7406 2398
2313 9514
4049 4513
8756 5323
7793 3725
2204 9506
4358 4956
9072 749
8844 4235
7710 5402
6123 1401
837 3502
7446 6650
6928 7651
1908 4099
3416 1496
5115 7934
7101 4818
7264 3137
8764 5434
3688 6335
3952 8884
7450 1444
6712 4507
8814 4169
6665 5777
3289 4104
145 5427
7452 8347
8472 4808
9578 6337
7411 8963
5665 2272
2831 8298
3541 8848
4243 9904
6582 1646
9417 7998
9268 6689
8550 5781
5324 9587
794 662
9586 109
9717 2154
5041 2740
7781 7450
5536 9059
3804 6834
4470 9988
4732 3092
6857 5493
9162 1352
9469 7678
491 5034
52 92
2204 8190
2864 7718
6422 1856
4307 2642
228 8790
9999 9683
3107 407
711 6460
5148 4889
8291 8696
1963 8204
2039 320
6443 95
4428 4466
9552 1874
1880 6798
9371 3040
9410 9517
5043 6216
810 6524
1347 9647
861 4382
8115 7836
7922 523
6228 6321
6391 6551
3327 969
549 6872
3175 6258
9270 2212
418 1692
8892 287
5868 1546
901 9182
7616 2039
251 3433
9062 7966
332 4603
3837 9255
6305 9411
8636 9474
4253 7654
471 3596
3227 854
243 5430
8005 9096
116 9327
126 7827
6046 9919
4147 4131
2156 5532
5961 2315
9748 4979
8683 7579
2595 1023
9441 356
5493 2666
2765 467
7271 4236
145 2377
5437 4904
8803 4570
722 2160
31 6489
7100 4788
6380 8318
4635 2141
544 6798
9731 2827
3750 1073
4670 6378
3074 8356
2614 8652
5038 97
282 8840
7709 9457
3638 9380
7680 5138
9668 2547
3196 4000
4069 9526
4324 5519
8206 9547
3628 4654
3421 2242
7221 659
7275 7214
1153 8004
4327 3157
9003 3410
4741 7172
9347 310
7699 3432
620 5128
2309 3492
6410 1631
533 2579
2167 9100
5859 6243
7673 9441
400 1086
3634 6088
5982 1239
1850 6027
9545 4796
3911 2935
7623 9136
8129 6766
5775 7496
5613 6485
2169 5528
7167 217
6925 4846
565 2942
2420 7595
5942 8401
978 7103
7233 3210
4963 7606
297 8828
7943 625
3593 7969
8764 729
5902 977
8492 5749
6495 8917
8599 1940
8541 2509
3192 3282
2669 573
7071 1871
744 165
2278 8989
2764 511
7740 9400
5305 5789
5047 5831
6504 1149
6210 511
5260 4289
8834 8077
3534 4238
367 2167
1313 3762
8533 3124
6575 5007
45 5049
248 9837
2760 465
7612 9642
1259 2213
4101 1130
2561 7796
2595 7495
3249 845
2199 5526
9814 5084
5063 7805
1691 3749
4299 549
3676 8757
744 1584
1925 8314
3113 7813
3921 1986
2212 2849
8877 7052
9535 8339
5338 9776
9232 9156
8664 5029
5031 5315
5838 3391
4299 2394
7167 4765
1484 5876
992 710
3082 7037
1963 6373
5868 6440
4372 2393
9952 9883
5197 6298
5684 8343
2321 2868
9522 706
5637 5441
5938 7436
1752 5567
7563 7741
4696 7769
9877 9071
3843 7410
4814 5150
9446 8187
1873 8728
8990 3983
9685 9538
3800 706
4966 7591
1113 7526
1907 4040
6342 231
844 7373
5905 1193
5582 9604
8046 7036
492 4810
3235 3857
8260 5319
9551 5285
7656 9174
4886 9561
4687 5841
5524 5507
3819 6933
733 7932
9006 817
1796 4725
2869 9372
8481 4025
2692 4010
8931 1127
7666 2744
5919 4761
5036 4958
6033 3158
7605 1048
9741 1849
1989 1777
2717 9290
8789 4649
6399 5116
5954 1706
3134 6490
5142 9120
1500 6895
3597 1448
63 2167
5481 5285
1891 2411
9446 9243
4408 6511
3293 2795
780 5659
6688 2811
8115 2470
8916 328
798 6598
5802 4801
6646 3868
1497 2694
4150 4492
3158 1928
1364 9198
9340 2644
1687 2647
8584 6316
4943 4714
7691 3394
9804 4070
2450 7499
822 5605
6853 1367
6228 2862
4768 567
3836 290
5195 8044
9128 7657
6278 4171
9205 9741
3888 7955
8530 1477
5184 8511
1345 4091
7219 8893
7937 5491
2464 3893
2636 707
4663 313
4284 188
8427 1908
7615 514
1112 3536
4035 7785
3852 4797
8760 9477
1718 9875
4852 2117
3218 9611
6788 7993
5481 535
6526 7809
7143 846
9840 5640
8899 3845
6813 1966
7477 2062
5274 5547
2356 3169
8182 7733
3989 3950
1575 6014
2910 9747
1969 6456
9706 930
7746 8625
6056 6969
9358 8620
8966 2232
7446 3024
9237 7577
3400 4418
9582 6888
8865 8759
4044 7776
8323 1811
7076 548
3608 4058
2170 4754
2995 1600
6742 3823
8919 9261
6513 4225
6168 4523
4172 6307
3873 3875
2913 1427
2776 9189
7117 5448
1476 1086
636 7753
9812 8585
8597 578
9804 3402
9976 5458
1231 3275
9950 6647
5682 3334
4649 4566
2157 3742
7890 7622
922 7651
3568 4572
9625 9802
5745 8638
8434 9628
8973 8724
5250 7875
7905 7141
1748 6732
7837 5692
9910 5734
5328 6366
7046 4701
9851 7971
496 1953
7530 7127
1037 5932
4257 681
4705 6315
8718 3332
7119 8175
3662 2505
5559 2143
41 5828
8974 9828
6823 7194
4905 4824
8400 7138
9916 4754
9630 6397
4182 2216
9759 936
8977 4992
1482 1901
3265 5105
8063 2561
1753 4235
4942 9605
6749 477
4625 827
4303 2330
5090 492
3482 749
6187 323
9313 4725
4377 3922
5190 764
476 1983
363 3171
7506 192
4069 9306
9371 5509
8804 5059
4477 593
9095 3942
5895 674
8587 2777
9846 1809
8456 9223
2082 5430
4964 8344
3725 3978
1 8645
2107 8651
4258 1660
5620 2897
5832 5423
4347 679
1597 1366
1640 170
6035 1166
3443 8960
2186 3714
2810 9549
7346 3439
5274 2465
3219 3298
8886 2708
3958 117
6562 7743
4204 688
8973 8113
9774 1065
3058 124
8137 8286
1764 4744
2153 4293
4440 8883
582 4578
672 2351
1620 5309
9154 5613
382 6470
3264 4848
7320 5928
4288 4870
5360 275
5884 4536
8503 2255
4370 6462
192 391
3593 2788
3574 8260
7935 1904
9886 573
6889 2626
2715 9156
8860 6381
8534 132
9423 5518
5734 7778
7122 5157
141 3212
1346 9996
4739 1662
5868 8555
1283 3250
4394 2042
931 3302
8340 2259
4281 5367
4738 9441
605 907
8109 942
6230 3546
7582 548
4745 5168
569 6533
8527 6055
8407 7342
1392 6476
5860 6627
282 3642
2056 386
8773 6918
4025 7376
8638 2670
1612 1047
7835 7275
3883 3542
9124 9162
1452 8269
6144 7664
7818 5115
162 8656
7178 9620
7749 5316
3135 7275
9346 4882
4185 6898
7780 4033
3582 5728
7636 2708
2327 1250
4504 8046
5584 5249
6095 4638
496 2065
4741 8049
2627 655
5087 4772
7834 3037
8249 5473
7687 3413
5891 6066
1659 782
8541 1563
3036 8789
1659 8154
4287 8183
3070 8192
7414 3301
2884 563
2114 3337
7501 3733
9912 1951
5711 1928
3409 7443
1665 6852
9796 8724
1873 753
5509 4555
4985 4053
4660 5633
6403 8808
944 1937
2389 2546
9467 9909
9949 7698
8877 2954
6936 1259
9978 8615
4576 7079
646 7548
7786 2521
8455 8627
6834 7905
4129 2740
7748 997
5130 1903
6430 9952
865 5765
3492 2188
3444 1946
6526 8417
4856 5634
9913 4470
505 697
603 6767
4321 1669
3753 2893
6539 9172
8917 4344
17 2446
8328 6715
2137 8408
1144 1540
4401 9075
5972 941
2891 5125
4134 9921
9009 3398
1607 9946
9394 6639
4207 5506
6428 6002
640 2146
1639 8722
9479 9966
2660 6099
9718 8676
8493 3561
7742 1640
6439 3670
6233 5547
8905 7311
824 288
5656 5432
9383 2298
5033 2346
2961 8213
4596 2636
7594 7469
1193 3915
9953 6442
1633 1793
897 3244
7079 602
8134 53
2746 7133
1554 7908
4617 1978
106 5131
6577 331
1218 1735
9 2607
8256 5104
327 5759
3662 7190
2025 269
409 3729
9071 4323
789 4823
1825 6136
1602 6242
8292 1366
1883 6714
5109 763
5798 9061
504 5028
5467 2938
1550 2482
2723 9360
5258 3939
7642 1405
959 5510
7897 7324
5420 405
4372 6775
7844 6760
3247 3298
1923 5401
8796 3254
703 4748
6344 6159
1927 2128
1975 2570
4074 9546
3066 7030
415 22
7438 5255
2961 8343
7807 281
4038 2883
1258 2200
9930 8821
1075 633
9369 8635
5636 4131
5153 294
229 6042
9834 7589
9223 359
3720 9454
7422 856
9808 553
9447 6685
2094 8828
3010 2348
2088 5064
2902 7930
7947 7170
174 3296
673 5426
9805 2250
7475 9914
6565 3487
9099 9396
8579 5126
7978 3429
3760 2360
5850 6473
6112 3272
5487 2662
4829 623
1090 7854
5359 828
7461 4303
7922 1355
5505 3527
3698 172
1627 9769
8329 2896
7019 454
2315 9043
1346 4052
8736 3765
771 3577
3276 1277
5181 4294
4903 9589
7814 7735
1535 1069
5121 9313
2528 5037
701 8716
6396 2593
7475 6731
2897 5974
5241 5778
7114 7518
8167 485
5412 953
4539 4222
2308 437
2285 9545
7696 8156
1506 5027
3685 3748
6711 479
5907 4838
9710 9439
8924 3355
6464 5022
1558 1071
8594 7964
8441 9621
1114 3029
3704 4879
611 9796
6017 4606
5261 9612
4683 8246
3024 7907
5131 146
6263 5058
8783 7559
9697 6737
169 8404
1051 4123
572 588
8639 1892
9890 4123
1408 9090
73 4646
7165 508
2172 1240
1505 170
7565 3241
8183 6442
9313 9923
6841 2164
934 6223
9261 6661
3854 2527
9096 3487
5958 7709
2986 8856
5473 9173
7870 6889
2469 4265
8257 3430
4167 3995
8626 1279
1811 2553
7958 8817
6551 277
775 5444
1528 9491
7749 3088
8153 8689
8747 216
7481 5947
393 8797
8316 4421
5885 7411
3824 8671
6244 2661
1379 8130
1125 4139
1441 1447
9785 1888
6678 4653
426 289
4741 8384
6964 8929
6253 5801
6980 6635
4074 7927
2146 8836
9864 3126
8649 6043
693 3314
2592 5400
9095 5615
925 2186
4941 7486
5686 3887
9491 9328
6545 211
1530 8232
1431 5497
2153 4090
4346 1361
8959 7352
8183 8569
6574 4449
5362 3130
9581 6891
5876 9000
2599 4608
4936 3000
6757 4427
2371 8143
1740 2760
1060 6202
720 8266
9030 1469
8343 524
1650 7245
954 6185
49 2867
8086 274
268 3177
6622 6770
2357 6931
5500 9086
5476 3275
6791 6169
1007 9704
5056 6818
1013 9323
8562 3097
2303 2733
1965 5059
2730 5
9684 1575
6110 6557
7459 1538
15 5349
3017 971
8051 6895
8125 8785
8618 2477
6401 4786
9729 8312
9965 3681
9238 9322
9578 3388
424 1330
455 4962
9251 8990
6055 4371
6931 3997
1160 6053
3099 9918
4226 8878
3138 2031
2001 6871
3998 1407
990 5332
5878 299
6812 1325
4192 5146
8510 1592
8790 4946
158 9186
323 52
8130 8919
6447 6158
9813 2568
2081 9003
5705 7826
4645 2414
7260 257
4468 7868
7158 9408
9492 4224
3275 4986
7257 1268
6249 4960
9226 7095
8301 816
556 1663
294 4986
990 8200
6225 8757
4051 8801
2455 3372
2262 3140
7408 1047
5577 170
5039 3029
1471 3129
3274 919
7328 2200
9020 9462
9740 3426
2058 3948
563 1871
2655 8156
8849 6546
7675 664
2279 8194
7772 3131
5453 6401
7640 9796
8459 9439
3723 2320
4339 1870
5604 8538
5323 9378
3908 4637
8907 8719
8355 8029
6181 7877
3869 9829
8497 1988
8221 2278
5906 3270
2311 1287
9965 6754
7279 4299
6250 1659
103 3173
5713 4164
2727 44
8597 914
6810 6084
5230 7054
6506 2030
9747 7051
7048 7589
4736 4713
7051 5753
5545 9716
9282 6116
8900 794
6014 2936
9310 9084
9443 9395
9784 8286
7671 5173
7703 4090
3866 8786
2045 2570
9527 790
3005 2505
7702 2765
6352 8973
7284 5253
7044 6882
3374 9062
7095 2513
314 1144
8434 4866
5602 6985
2447 2469
9691 5787
7571 6739
2141 5795
7191 1491
4634 2647
8571 5417
9253 4491
4776 4026
208 545
8602 162
1559 9218
2559 5440
8803 2304
4992 8647
379 3419
4210 2834
3901 6359
6428 7209
4518 9511
4476 7013
1329 1659
1 2119
2519 528
7402 2510
9850 6819
7987 615
5708 1761
5047 4795
5732 8428
8054 8780
8970 2596
2946 6364
7944 515
5601 5514
3559 1999
860 5160
6397 4704
23 4476
3818 30
8214 7960
7948 6311
8186 8889
6902 1429
2098 2834
5664 4435
7114 7015
2347 2003
25 1677
8702 9904
9282 3718
6173 8745
2892 9559
6801 1814
9766 2381
8158 7716
8390 1363
4677 6087
307 8349
6118 5268
7269 4645
8425 3777
462 1674
5471 2449
9130 3088
5567 6810
3279 1060
5840 9621
4995 337
9744 9864
3195 8464
2320 5158
4888 1912
4705 1011
3497 9592
8019 1532
1449 1976
9612 1554
9081 9510
5787 8547
9423 5319
7968 8703
8779 838
3883 3777
4959 739
3309 8781
2271 9146
3920 3812
8277 2917
2126 6779
4846 6094
8470 7566
7768 8760
7001 7089
5296 7955
6507 359
7597 6501
4987 607
7660 5836
4136 9474
7473 9496
6172 2287
9441 5692
4739 5771
7650 6705
786 3820
8228 2051
4956 2574
2657 2981
4751 5964
7557 8286
9045 3885
1195 8370
5306 8842
8039 917
5711 7693
5750 8343
4220 2559
5361 8010
4324 6516
5472 4600
5889 9251
6615 6177
7429 4949
9398 5274
4182 4131
587 7318
7836 5706
4174 5316
4353 4402
6825 4748
9203 8441
8427 9177
2013 2941
2190 5403
3875 8422
1402 8927
3703 8812
499 1899
3016 6314
5795 2796
2134 8394
2861 2347
8497 5415
3336 1522
6191 5273
3224 4531
9753 4384
1095 1736
2905 5439
1649 9033
6265 8309
919 5429
8511 2566
1194 9836
4272 4986
7489 9216
7229 7829
7077 4127
6038 3741
5807 4634
1340 1121
225 7785
3848 4953
6768 6571
8002 4629
8144 7158
671 5787
8168 1142
6360 6388
6931 7705
9972 2095
6615 7048
6387 6613
6629 8417
8303 6018
4604 9571
9155 66
2577 7859
8279 6057
8455 6254
5416 3986
258 8032
6489 6561
3733 6571
8881 4571
2209 522
3058 20
49 473
2676 3879
548 8968
2698 3236
3580 6608
986 5454
6498 9301
5963 2232
9072 1547
5412 1823
6772 651
9929 9197
8125 3787
4420 2982
7369 1116
3392 3327
3646 3058
1449 4072
6766 5522
3151 3489
9463 8399
6633 2800
4167 8876
7488 1722
1671 6607
7964 7405
7635 7632
117 5435
258 8805
4381 9327
744 2316
9298 9521
8760 7226
2217 332
7674 619
1608 2828
6525 6651
5373 550
7799 1034
3183 841
4675 2954
880 6460
9498 1143
3608 2794
1552 7424
1930 1639
389 3338
431 6010
2073 8227
9986 1026
5660 1113
9761 7643
1505 1069
7102 7376
6156 2319
9761 7959
6816 6570
3183 8500
8211 2302
6046 362
6402 8648
5204 5681
5777 7233
3694 7154
2587 7303
1671 6983
6871 4640
8754 7643
5487 354
5168 9237
3963 6395
466 5097
9680 4975
5511 5926
9627 437
5193 3888
102 1254
5805 6005
2867 1887
4676 3543
8678 2679
1640 5931
2769 9285
9256 1122
4094 1172
7979 9139
7224 9043
8426 9281
1532 105
4445 689
1236 81
1092 4933
1546 4268
2560 2610
9078 3582
3527 4623
5402 4596
3684 7243
1855 8696
3034 6930
255 2473
4691 593
1467 1047
4356 1905
8640 4730
1278 7782
9204 3749
9079 1504
3906 2037
9696 4749
4281 8102
6987 3249
1158 7670
4462 6851
328 4557
4041 1169
7165 1903
9808 6271
5456 6150
1640 5286
7037 8167
1525 7052
3452 9047
9449 1146
9997 5272
9704 9521
7031 5722
9883 4206
192 8358
7624 5931
4436 4844
2096 1706
5282 6796
2406 7450
4450 4623
9304 8333
9467 8178
8973 1464
441 1355
6297 2478
8443 1660
1221 1706
5745 5037
8286 1504
8205 85
2171 3184
7077 3497
8699 6416
2206 6756
6033 8994
7476 5794
843 8697
2452 2693
757 8962
1992 1923
3977 6933
8517 771
8980 5754
6346 5962
1135 1877
3879 1614
7259 1422
9542 9630
812 9838
7499 9734
3030 8960
9423 2164
6576 605
4239 541
8569 6388
220 3124
16 9609
494 5038
7083 2541
8261 4007
5947 1836
4111 8631
5990 2863
8600 4587
1604 7762
2430 7611
7603 8288
9947 4994
9104 1626
4291 4684
5716 4439
9007 108
6858 8023
1682 8434
5625 4395
897 6285
7922 1052
152 4733
6917 1399
7745 9426
4928 3842
8099 2437
5993 388
6691 1950
246 9711
647 2641
2895 2688
2154 8623
810 1928
3506 3377
7264 6844
9519 3336
2477 2663
156 5522
3511 7802
1605 4950
9412 9697
4860 2417
1284 8132
9304 62
2620 544
9983 4081
7753 2135
9638 7589
2147 8666
8758 3472
15 3638
4942 6498
5041 4624
1999 2335
7631 9188
5739 1106
5492 2355
7730 5560
1026 589
2645 3719
2108 2280
615 1691
1822 2980
9920 9001
350 6398
7730 1050
5969 4582
7832 4616
2498 6983
2930 5534
1741 6811
3925 7542
6102 24
8433 603
3779 9738
6073 8727
7957 1375
5043 180
1907 6732
9900 1035
2786 834
1341 8407
5822 1400
6554 2
8730 8403
160 2069
8311 2793
9085 5986
7997 1376
8490 1820
7110 4110
7788 5466
8100 445
2769 3614
5153 7630
140 6145
6334 2287
605 3527
6899 7320
1130 348
8114 5614
8464 42
464 5147
9638 636
8398 253
3102 1496
5399 1660
2844 8490
589 1140
1488 2208
8217 1771
3987 7172
175 5644
5942 9002
610 772
9015 7941
7457 3054
9768 2630
858 3575
8801 2756
8330 8024
1498 9467
2072 7886
8953 5974
5043 1486
1855 7147
3574 2342
3612 2486
7037 8355
6571 4344
2557 3483
2538 1588
8848 7228
2385 1799
2730 9739
8586 5923
4403 8956
3933 6871
8150 8963
4837 8036
6769 374
9522 2247
4394 4544
5613 9803
5413 6040
3715 9036
8857 5232
6286 3277
6437 1669
9670 6002
7184 5814
2633 5890
1007 69
7321 6790
1085 7400
1457 3763
6310 6154
6665 4135
5763 492
5070 7083
1142 1730
9041 5278
2827 7346
197 5751
3475 9035
3972 123
4279 2831
5034 1362
9764 3506
4700 9244
7844 239
4636 1568
4478 379
2102 4805
4817 8289
9290 1654
7640 7947
1893 9074
9487 3313
1377 7962
520 2003
4513 6629
9818 9459
2100 8155
2318 1004
3232 2672
5730 2483
2715 119
8723 463
3279 9282
5613 9046
3254 5481
9478 4350
9692 5929
7615 327
7246 9733
6591 536
6567 3484
1871 2589
2775 1928
3168 9297
5608 1675
7163 7688
758 7861
3126 5379
5158 2322
6815 8162
4916 371
1684 3887
7245 6611
2097 2933
6586 7326
4540 1925
163 3704
495 7375
2167 9618
1339 5552
9338 1096
522 4964
7708 4204
8806 3920
2941 5665
861 1156
9452 3635
4552 7080
3535 5138
4539 1964
4693 9511
8134 8620
9735 4199
7221 2023
3482 9912
7995 7959
1113 1352
329 2093
4108 144
3677 8140
1797 2682
6185 2736
9097 1010
509 8987
9248 9470
4224 2516
7358 5562
2109 4350
419 320
2669 253
5594 4870
5388 6944
425 7813
5955 7083
1190 2202
4561 7695
8054 4036
9927 8610
8015 2129
2380 4107
5839 889
4075 9381
6132 1739
2738 7584
4914 189
5805 4564
923 3330
8746 5031
3308 882
4912 1418
623 1027
1370 8155
5026 6889
6494 9899
8672 7482
380 4839
2868 7634
3597 2438
3848 1383
2481 9679
4150 6264
5196 5337
4472 2049
3724 4665
3924 8252
1331 9775
3368 6793
4023 3734
8413 276
613 9773
4576 9621
7841 1800
6302 8946
1781 7258
848 72
1834 7278
1152 7818
3172 6004
4624 4399
3809 3640
2734 1735
5028 2009
3306 2153
1060 1324
3701 8605
9206 8167
5790 6784
7414 8589
7557 1181
99 1484
9870 2556
9969 4842
5423 4086
6670 8276
9042 938
3419 5997
6675 4487
1847 7259
5169 112
749 6823
2805 3734
604 3688
5748 8500
1706 3287
8281 6047
9474 1425
8102 3427
6354 1878
9686 7451
9880 4527
9874 8087
4156 5693
7506 4921
7161 4717
241 9685
7374 7321
1517 1946
5692 8843
2540 89
5373 6380
4695 3599
1891 193
4667 7340
2565 9629
5810 6953
8483 8636
5172 6594
1157 6933
5575 4303
2811 3775
752 5273
585 7980
1894 7203
1945 7557
1832 754
2847 4783
9258 3052
5982 5877
9841 8989
8567 4759
92 7361
1796 9791
9547 7980
9876 6660
2178 6106
4882 7780
6850 977
282 7266
5684 2972
8547 7277
9016 885
1680 8703
1301 9979
5080 3516
807 4426
3013 8753
9221 2538
621 266
5479 48
9136 1033
5079 2330
8812 7385
2489 4421
299 1415
4539 9776
9472 8509
9313 4795
3978 6773
8581 4728
6907 2140
5677 9199
956 9015
4247 6744
2043 1364
8917 8470
9864 4451
6516 4011
4382 7654
6428 9862
4078 8804
5546 7708
2606 9629
9663 8127
496 3628
8365 8421
440 780
2965 5678
2684 1914
9933 2662
394 5821
6528 8212
3808 6945
8699 2065
9733 1061
361 1587
4628 4716
590 1427
5019 873
7973 2135
1515 4789
4000 7997
8585 1536
8171 9188
8199 7703
1219 4336
1443 6608
2485 4249
9423 3201
8639 4593
213 7881
6393 2047
8550 4475
2841 1446
9837 3110
1021 1920
7205 6387
5285 9293
4650 6236
9461 336
4801 2391
7549 5872
4131 1852
5527 5551
4957 2597
6982 337
4280 2880
8902 9591
272 6737
5049 4399
7302 9933
676 3180
2082 3330
5143 4706
2633 8879
1863 2386
3289 823
8310 9914
9429 2745
4106 888
316 7298
1455 9448
4158 5783
6298 4937
3993 6070
9883 438
6395 9005
4485 9265
8776 345
4882 5232
7671 4883
8883 6181
4649 8397
564 268
7773 8580
8385 3494
753 8520
8636 7279
1649 5865
5233 2441
2968 4035
3470 2738
8616 566
4132 900
196 5583
8110 2707
2545 6556
4130 8866
8988 8279
7774 8556
6630 6484
977 4970
6562 4891
3279 2151
2130 2480
2265 84
4595 6023
8863 592
2692 1137
2102 2227
6039 2180
2114 8590
9796 1108
6833 2919
1171 4143
7211 6024
1300 2594
4788 9678
4889 5519
4045 9212
9681 5675
153 3858
502 471
2549 3011
6230 387
7653 721
4164 6292
9814 5927
9764 4745
5895 319
13 7578
7319 4086
5189 5474
3970 4069
2267 5596
1553 2096
18 5500
2830 2968
7959 8835
3762 8153
8749 5980
7605 7044
9288 2095
5898 509
5147 5598
5229 5963
2458 4481
6301 1966
5297 2684
337 8214
7304 3561
8078 3764
41 6967
4410 9967
6236 3729
6596 4961
7563 780
3517 1196
6933 342
27 5875
4235 7316
4618 4291
4925 6210
7344 6299
2511 4689
1904 6092
8937 4189
6919 6906
5565 9161
3172 2040
5990 3435
6552 8934
8664 2624
1069 9964
7526 8198
5989 7169
7611 4899
3311 159
8813 3712
3636 6440
7277 5969
6670 6793
1433 3530
1567 5541
6758 7226
4305 1724
1985 2857
9641 7576
1199 7141
8789 9475
5385 5220
4929 2846
6876 5496
3466 7598
6623 1935
8319 2707
7119 5357
6971 2973
7629 4691
3053 7407
8054 9218
4136 9049
4108 8276
6666 431
4920 3125
5212 1437
3108 4717
4240 9191
996 5865
7103 6342
214 720
1340 7755
4685 3204
6394 6061
2512 3287
6183 5705
6623 8237
7785 7234
3870 4359
6668 8551
5114 1780
2127 9805
5348 4169
4964 4213
8664 6854
7644 6770
7306 6454
231 4054
3525 6190
912 7257
9088 2180
7805 6151
6635 2591
9195 3206
6874 9348
9902 8347
1962 4184
653 3990
1276 1490
8089 6452
5014 4818
1225 4328
3636 5615
361 3692
5767 4945
6416 6136
925 7944
5048 5294
4420 9768
3246 9835
171 1292
2181 7842
5811 8626
3683 4069
1243 6507
4168 7382
6787 8482
7476 4030
1179 8551
3495 8121
6762 249
6249 4194
1458 5145
9530 3865
3883 8363
3303 5121
475 3004
5593 3924
6241 8433
581 2619
2227 508
8231 7502
6027 9019
6814 4229
3732 7856
8488 8184
8847 4143
3703 263
3681 4736
6902 1919
550 2351
4490 7584
3585 5154
3200 6296
4502 7953
3175 3620
8872 8295
8421 4697
3992 2286
269 7462
7084 1910
8782 1964
5102 6688
8197 9869
8876 1251
6065 2415
5755 4411
7159 2384
4361 388
7554 538
5004 7424
5059 8245
5571 3488
9478 4187
3318 3613
2029 3377
7314 8253
7820 3395
2288 8274
12 8692
6100 3915
289 4168
1522 4030
531 8418
4417 5836
8127 5142
2971 7778
5636 9451
8557 7824
9160 470
2386 7021
6636 8476
8443 6839
9552 6296
9731 5327
2224 5849
6120 565
9143 646
7456 111
918 9962
7 7504
6614 6213
3962 7463
8314 6672
802 9579
8604 4222
2336 5490
4964 8091
8866 1866
7778 3
9912 3876
5859 2988
1333 4466
4369 5707
2754 8925
6651 5174
218 3294
7601 8196
9978 177
8181 4449
7325 3290
9905 9418
5867 6962
6228 8718
4618 82
4710 653
3937 4614
41 3644
3674 3488
4581 4789
6127 2884
8781 2327
4707 1567
3281 8656
7628 489
7714 1916
4729 2976
9972 5498
7850 6658
3352 6453
9246 2033
8419 5489
1390 725
3826 2806
2294 7866
5728 5467
2600 1390
2235 9820
1387 1160
2593 4692
6574 9639
3018 183
8875 248
3874 9085
91 521
7968 5986
3653 9206
7605 9180
9205 2924
6876 3124
2790 857
3009 664
1264 3314
2205 46
3701 5424
9024 1321
6073 330
4077 6072
7673 4947
6004 7904
4112 7186
874 4170
9911 1614
1861 7743
9280 2706
8873 9304
5173 9803
9730 780
8078 4303
1545 9893
2766 6669
5399 3296
4003 7540
4978 9172
5869 1464
9040 1075
4130 1527
88 2083
9759 6416
9661 7019
7606 4190
708 3238
8137 1723
2283 4794
9742 9929
8987 7121
9793 972
8877 7132
6863 7678
1975 9365
3735 1542
172 2865
253 1723
2194 9013
9571 4882
9251 1513
8408 7993
4602 3452
8939 8160
4134 2268
3149 9105
3927 6536
5663 1612
491 3873
9225 128
2060 1228
9886 4006
9061 7530
1033 2205
7488 9627
7929 4212
1075 1916
8332 7159
9021 4937
1496 5619
9644 8205
2299 9195
2421 9668
6212 9884
371 7969
4930 6729
9998 7545
6040 338
4540 9601
9670 1480
2876 3755
7497 2719
6007 8814
3533 2365
4522 6857
3461 7015
4260 4050
3862 7423
8740 9625
4571 4650
7915 7852
83 84
251 3966
5932 2259
9478 4841
9932 9246
4646 903
1276 8056
6459 157
8625 6301
6340 1876
7763 3755
9186 9452
9271 4167
3171 2110
2964 463
5321 8059
737 2084
2323 9314
7943 5989
5160 2182
7495 1842
1242 159
7282 9906
7010 9626
1130 6803
782 3975
6009 4001
8822 5116
2190 4032
8259 8020
1412 4635
2065 2612
3634 9754
8250 9160
8608 4436
2193 3761
3275 7549
9794 2657
4401 1301
6027 3809
2043 7101
7225 9287
9592 1525
4285 8908
6036 1404
9345 5287
9306 4232
87 6845
5328 4327
5128 7939
1580 3305
9863 3507
9031 2405
1482 9098
4373 7432
5461 6331
2019 8666
3416 5648
6460 5091
671 8829
1854 461
5652 8350
9412 5998
7362 7898
3165 4407
7355 7077
1370 3763
2434 4069
2929 6091
9504 6654
7319 2107
175 1298
7608 7815
2879 1348
1089 1906
5041 4395
7627 1507
7365 8899
8879 4601
7835 5687
4894 8416
2487 1214
4689 2017
6783 5607
3535 7214
6717 9188
3331 9927
804 8630
99 7701
7430 2013
720 1145
3750 1810
5586 9446
5147 3421
5096 8475
4754 4589
1241 9655
7450 9064
128 6308
9183 6027
625 4555
4681 3384
6743 5849
2105 3781
1038 685
7831 3005
2996 4510
2642 9607
1340 257
6575 2629
2977 7923
3321 4722
9357 9832
7464 4055
2115 6346
3710 3021
3913 8789
8499 4269
1583 5013
7565 7507
9289 6028
7803 8298
6779 1522
1535 1911
4916 1064
9141 1311
4311 5111
5707 2213
1122 2285
4122 5357
4784 9628
7163 9454
1535 4884
1256 6639
593 1001
8374 6022
9877 8396
5360 3540
7103 9990
3889 8271
7438 8817
7529 7736
8856 6735
4814 547
8559 525
7550 2119
7766 725
8238 3984
4982 8740
6868 4967
173 9812
2643 7706
8128 7865
8131 8835
2748 7716
1764 9366
635 7015
2281 9199
2996 7338
664 2600
6474 3797
6889 9102
4363 2786
6954 1287
2177 8819
6523 5819
7063 7767
5230 5283
8382 5577
5876 78
9677 403
742 5031
404 7323
9577 5378
2638 8639
5240 5708
862 2843
4393 4936
1370 4948
5645 8475
18 887
8613 9712
2169 8564
1609 6133
1294 8381
3731 9579
3985 4379
6368 273
9707 9845
9008 7366
9067 4852
4392 6822
3785 2329
4871 4138
7688 7194
1041 7980
3114 4560
9270 669
6075 5608
7373 7096
8929 3938
4704 605
3345 3380
3134 3660
8270 4207
7272 81
630 7990
7961 9832
4748 1901
2786 7901
3864 4980
5523 234
4000 3612
9315 3680
5683 3472
9693 9756
4640 8673
3011 8926
820 796
5606 1809
810 6058
2376 1825
9729 2008
8249 1808
8106 6544
7036 3202
3219 2677
1964 2131
2672 7673
616 7743
5993 1062
7140 2307
6573 5302
7608 566
5722 1883
5300 1944
5421 5836
4219 6488
4744 5251
4977 4860
4077 7923
4856 539
9561 591
7495 3238
8143 3556
6914 1703
4378 4004
862 10000
5517 2004
4935 4791
8769 2790
155 5761
5119 1529
1747 7521
4441 3692
4416 2170
9505 5515
4897 1436
8005 3970
8453 4786
8513 8898
4028 9372
3664 1294
1282 9123
8484 5255
5105 5118
5686 791
2570 839
5372 4015
9431 1593
9640 2080
1150 7345
1849 3955
7778 2689
2726 6620
1603 4239
8081 4902
5977 6309
5949 5098
6388 8140
9339 7389
7102 3422
7950 9774
1529 8866
7731 5777
4458 280
6872 4231
46 2268
2159 3411
3973 2771
2631 9094
9883 4220
3683 7455
2436 5825
5538 5588
1112 5839
2180 2272
5622 3900
7491 9494
8111 3124
2469 8255
975 2076
8941 5989
6025 3522
9231 7573
9836 8792
737 5030
3611 4203
2014 8945
7766 4359
8078 5761
3697 7299
9666 9425
9886 644
5401 5288
853 289
4125 9051
4294 2066
5944 2409
9520 3211
1006 2757
5843 8986
7400 140
512 2581
3566 1127
3584 7555
3022 383
9260 300
1702 6945
9949 7001
4088 6950
531 6225
7975 2007
1862 4672
4946 5761
3120 3704
2238 4124
3645 3507
9239 117
9238 3029
9001 1761
1899 5668
7959 7562
47 5802
1852 8402
3516 5881
4719 4118
5684 6274
2018 6314
3622 2765
1714 7029
6633 5668
2913 7375
5611 6699
9171 4652
808 3301
580 1062
6912 7190
3545 3985
8027 2763
5597 2814
3488 3316
3090 3928
3516 112
8842 5390
1480 7667
1332 5317
2825 2852
8094 9684
5714 22
476 7040
2584 4854
3241 6851
1921 9182
3532 1371
8905 8558
1573 5436
1416 5739
262 9727
9993 3095
7480 985
2733 5166
1525 1122
7167 4001
5947 3972
6304 848
854 779
3056 522
9868 6352
1835 2428
7445 497
1066 467
1603 1487
1887 8511
2920 4227
1922 9731
3057 3076
9437 5633
2308 6581
5337 8748
9292 3367
2657 9101
6231 8373
9466 3803
8127 9678
1295 8486
3130 3981
315 1397
4641 8034
6835 1252
7961 4475
1196 3226
8866 2325
1126 649
3683 4746
9132 1352
5387 8682
406 6588
555 2122
1614 5172
5721 3435
4807 839
7118 3610
8500 3442
6977 6595
6389 1742
942 5890
6755 5261
9673 5537
4072 1631
431 1777
1857 6020
2612 587
8808 9200
3180 3003
5691 2903
6019 2528
6275 2305
8491 2819
7086 8455
7999 9164
7825 6562
413 4024
7802 358
9428 2099
4665 7408
5143 6466
8890 6295
5660 7792
567 5785
1541 5406
8498 9269
2728 2733
1674 8746
8259 6023
9985 1318
9178 1320
8443 7627
9321 6072
7485 5761
5093 659
5373 1475
6533 1846
355 3011
6899 1981
212 4207
5619 9280
5805 2231
1472 6663
72 3274
3542 7862
8663 7392
2794 7110
594 4281
2703 7004
3646 6437
8452 9771
4269 5060
9796 750
4213 1629
5885 3068
6360 1404
4816 7299
9442 8080
4129 6378
7920 3333
5267 2707
9973 4012
2002 9647
8910 7003
5616 272
6494 947
2499 2341
6178 3034
8644 631
283 5808
9088 9270
6694 7083
8783 609
1668 5264
3548 105
1330 1186
7098 4096
4578 9455
1079 9086
3177 6303
1121 5985
6830 301
4091 1589
8152 4533
4132 218
4758 7289
8476 8228
7414 467
4978 779
8211 26
9768 3186
9769 7941
9114 2703
7761 1742
170 2190
4612 8363
5312 1924
6812 1932
3291 3711
652 3116
8700 134
149 5832
3310 7208
2557 2521
7261 289
7906 9931
6976 8741
8462 9873
1601 6142
539 7805
4278 399
6474 6505
1656 8246
2115 9182
6129 4033
1397 6309
7047 6042
9100 407
462 161
902 3266
1985 2789
7793 7406
6080 6913
8204 2317
4109 9533
3265 2019
9884 4338
1762 7337
205 8828
6057 3707
9852 2389
6002 8939
3785 6720
7485 6971
5218 4241
5884 3086
247 4410
9643 4339
9897 7055
873 1001
628 1136
6562 5843
4053 9068
9444 440
730 8552
9033 2900
4511 6363
110 6060
8032 3568
2558 5405
842 1822
2057 1818
9353 2216
996 8649
9830 8987
9172 3139
4537 8688
9191 9872
4761 3233
2338 2897
5927 7980
3264 1421
4780 322
7497 4486
6912 37
7879 4157
9242 8394
5824 6519
4746 4127
4930 2132
8507 2228
4350 8794
4119 460
8025 6413
6797 8486
7468 6717
2051 6537
821 9615
7055 8932
2132 1529
1838 7673
2388 2561
7942 2806
9481 2335
6593 3239
4887 5526
3043 9107
4043 7968
134 3121
9788 5827
2631 8791
7106 2679
6147 7289
3938 7838
8098 5348
6918 7786
2040 78
6575 9353
1704 2111
5513 6624
8255 1664
1961 5599
7327 7067
1338 9388
5300 767
986 4723
7379 8850
2643 5376
5761 6052
6147 85
8559 9297
3726 9639
191 2056
2009 3363
8038 9760
3114 5712
1964 4134
2154 5992
3197 6080
2770 1452
9280 978
148 9510
9469 8477
2867 9813
1143 971
2741 3115
2350 4765
6738 9456
9011 4604
8409 7850
795 5652
8589 3575
3487 7973
8049 4778
9267 4046
2860 1239
5616 9120
6212 4468
1756 1890
2012 3678
455 2546
7490 438
6676 3010
769 1374
1503 4102
6740 6829
5988 9384
7953 5082
8989 2825
4172 4933
1128 9582
7672 4678
452 371
7977 3921
3383 3750
6780 2784
838 9215
7560 3043
9769 3955
882 7305
3396 1697
5457 6763
150 218
1402 998
8211 4329
5953 3177
2301 1980
4430 6988
2833 7888
7521 9087
6961 7742
1396 3180
2318 4043
4762 3850
1513 9776
2362 2149
2419 9487
1144 1945
93 8666
947 3258
7817 7863
9930 4901
4526 7260
7026 5276
8267 2114
4339 5176
6081 1664
2666 4785
2579 907
4792 7272
4802 1859
7022 4033
4995 3549
2943 2471
5133 9739
5573 6702
9617 7958
2773 1552
7595 9256
4580 4458
7942 1861
1407 9127
7766 5372
4563 6543
6592 5096
2198 1322
271 189
4593 2476
5753 6167
5025 9618
7441 9936
1565 4428
6337 4083
6684 1473
3485 4636
7230 4351
5564 7634
7855 7901
2631 3839
3685 5440
2130 4035
9531 1958
6179 7975
9904 3005
1983 5849
9298 8052
2038 5640
976 3615
6504 620
3479 6460
8950 100
3077 7324
6384 4201
1066 8207
4360 2567
1193 1358
435 6224
486 8783
676 9197
3377 3260
4407 8981
8691 3858
9972 8564
8753 8038
5722 8475
2273 7075
6937 6791
7521 6920
1332 3108
8293 992
1311 6700
1763 8277
5564 6352
3559 9956
9029 386
5206 1811
1618 6932
7563 1871
3183 2263
4125 3856
7547 3731
1235 3435
836 8253
3566 8248
73 2301
9760 2951
7613 2949
2410 8014
5453 4972
2761 8258
44 7466
3583 3506
7675 5254
2186 2283
6884 6652
8604 6127
5276 7502
4988 4792
7306 2690
6303 3764
6271 4336
411 1558
6472 417
7913 2629
5197 2884
2271 8901
5673 9793
4389 2909
8253 9310
9377 4436
4762 9469
4374 4810
3644 5620
8984 1666
2453 6087
2539 3300
3263 8376
5424 6193
3297 840
4983 5882
5865 2498
9414 7621
4940 7973
2392 1764
3666 582
3026 2219
4034 9733
408 8691
8792 7398
9221 9148
1175 2057
3442 185
4958 7153
3385 2758
5261 7463
6440 6257
7379 4531
9162 3056
9617 2261
3249 2134
2380 4484
8391 6913
8830 5786
9393 293
3732 9180
3771 2193
9132 7777
2682 7449
6799 6157
5524 530
4733 2137
1755 6110
6765 9147
332 9742
9128 7277
9039 4077
1010 5540
2998 6291
643 7642
6578 1317
1309 7435
3722 1473
7485 126
5767 5152
9983 9243
1448 7653
9535 9836
5426 8660
9565 4865
6138 4106
4126 8712
4012 1256
9414 7284
239 2431
4568 1665
3025 358
5241 2015
1265 964
563 5248
798 3993
3279 595
8507 8861
6306 4696
6431 2749
5315 7094
1036 7298
7887 5887
2739 1419
3248 4634
9792 3968
9179 7493
3266 1543
1166 8514
7381 2476
1205 4245
994 5927
5369 5721
4859 8807
3441 8166
5840 6543
4007 5640
9861 7503
3616 8265
4441 4886
9982 8071
4429 9302
4949 5087
8336 5653
8666 6775
9188 3338
5465 8774
8651 6896
8057 4739
8485 8266
7176 6266
6303 5659
5641 7511
6151 1047
4055 9706
7801 4081
3746 5083
3264 2108
9756 9761
8976 7670
4082 730
6771 2789
3639 1292
5830 6056
5784 6152
1069 3122
8025 3110
9048 6508
4806 9550
3666 1937
6858 2858
6035 2267
4305 9254
6343 520
2042 4011
89 5456
6163 2247
895 400
5048 1235
7741 3586
753 1988
8267 460
8510 7774
137 8295
2767 2506
4111 2465
1912 7444
3767 4734
5827 9842
3171 887
3421 9455
7509 6053
8912 7205
9796 9676
7383 7256
7992 322
3686 3827
9657 5225
5834 6774
6421 7299
2348 3109
157 9735
6868 3282
2637 1686
4834 2010
4790 7832
4678 4122
3179 7634
9672 2713
7252 9723
1325 9605
6834 6442
8915 8843
6 553
9096 9044
8472 9078
2331 7095
607 4248
6754 5919
2996 715
6939 5671
424 1121
8962 7093
5836 6476
1433 4011
9505 9687
97 3085
4289 532
5330 9373
3854 1445
6832 683
8677 9055
6887 6769
2705 3524
4279 869
7167 3297
6349 5310
3472 7253
243 349
3189 1396
2178 3717
3865 7839
1716 3257
1995 1832
7239 8803
3988 796
3456 6051
1557 8210
2389 8533
5195 8765
6603 4203
6492 6784
5233 976
8673 5072
91 8766
7122 8539
2395 7801
1017 8314
6339 6952
2561 6739
8361 7497
3279 6120
2301 5401
8319 4911
1237 6623
808 4603
8717 4540
8702 5821
916 168
785 6159
4665 712
8579 8800
7767 4315
9532 2879
1130 7126
6986 4708
5703 6771
8883 4534
8181 9806
9806 627
3586 1072
1607 7911
1284 4161
7546 9093
209 482
1788 5787
1472 3870
7266 3787
2579 2430
9351 1949
5895 2592
1635 5957
551 734
8128 7239
1946 8780
3664 9962
8387 5284
965 1882
2685 6651
2052 811
6338 1558
2665 8130
2554 7624
9212 8494
5222 4573
2105 4626
7856 156
5075 7751
1331 1089
5064 5076
3029 5478
4805 722
5169 9634
1645 3438
7926 1550
7681 1203
9737 1655
3455 4580
5537 4698
3101 8860
9406 2600
5863 7225
7601 5805
6985 4570
8460 3824
1106 59
7318 5022
9837 6694
3665 4033
7644 6818
3757 1924
745 6493
6327 9506
9205 1919
5932 1595
8988 9169
2621 1393
2629 9624
2249 1221
5179 3766
5560 2530
6828 9522
1701 8482
2148 1830
7837 4335
9817 6359
3445 7062
758 6557
9739 2550
5711 3469
7800 4425
5245 2369
2265 6581
8124 9275
966 6786
5124 2207
4517 3418
1056 3174
542 2369
2074 2938
9322 1241
2977 2798
6721 9128
981 1053
579 781
6057 709
3650 4416
7765 2819
5620 7097
170 9716
1895 3365
9433 8292
3452 9541
4628 9848
996 6551
3741 2917
4821 4155
2966 3811
9475 7843
7442 4754
9587 6621
2054 490
2727 8667
50 521
1153 8615
7163 671
5341 6537
4330 3565
4780 9460
3002 462
3061 747
901 5337
4131 9694
8455 4863
4378 3670
9114 3170
9988 5180
8362 2315
4636 5143
3269 8649
6651 2429
739 5455
1272 6103
5753 7408
7656 1742
297 2400
4104 3286
5147 9912
3400 4939
402 8730
5998 8173
8953 4284
2736 4878
1792 7220
6447 7075
7241 8900
5074 5963
1254 9809
8523 8973
2181 1896
7149 9843
9418 3146
2000 6412
7518 9596
8598 2277
5278 544
5618 8300
6439 4807
5661 4998
7122 3618
3490 1715
6542 7794
7292 9313
1146 6204
5786 1408
9629 8423
3734 3815
4011 4183
4904 3309
741 9663
931 9821
9332 2047
791 9857
3656 8579
3222 3156
7902 7542
8010 2984
1406 5376
8936 6990
8899 9491
6299 5556
9295 6017
4353 4371
9763 543
861 279
673 7942
8804 4687
6855 5128
5136 7212
3907 1539
8959 3132
625 5156
9822 2350
7969 1609
9934 3172
7283 9966
8939 9867
4296 7943
1333 1963
3447 5836
9220 3663
7124 7205
1501 8575
3482 6579
4698 4274
8230 1374
2418 4670
2674 2729
7394 6103
6607 9918
5093 990
3230 7375
5873 4845
181 1601
8866 6145
295 7565
6652 9502
5677 542
5770 3574
9465 2612
1082 3735
909 4821
8770 2884
4166 9318
8361 5829
590 3509
6053 5207
1343 3856
6225 870
8487 1012
5541 2711
9168 2192
1853 760
198 5661
7122 3925
8510 1151
9237 4510
5644 3905
6604 8841
2547 4613
5126 3992
1440 9260
9084 8312
5940 7022
3662 1653
1432 8282
8584 6166
6720 8142
966 3953
4438 7294
7377 8721
3117 6723
6699 1239
2287 5526
2890 3799
1306 7858
9629 5081
538 932
7115 758
9624 1698
9264 8560
3773 4300
1569 7188
6683 5245
875 2208
5961 8191
666 117
3335 6447
637 1797
416 4025
985 6643
4329 3792
1820 7896
7128 2777
5228 6222
4844 3232
2528 7281
1724 4107
1029 2112
4713 1279
146 4609
4869 6313
1301 2666
6274 6129
8574 2544
8666 7098
9334 7059
9656 8960
2845 4287
1320 5440
8907 9912
5677 1976
642 1271
7697 3936
5950 5696
2822 2846
291 4546
1420 8168
6138 4561
3229 9202
2682 9969
9144 101
5770 3963
3640 9496
2080 464
2514 2167
9694 1216
5799 7783
9573 3778
1709 51
864 4933
6019 5064
5181 433
9946 5848
7204 3021
8733 4192
197 6144
5106 5548
2481 5132
8755 9462
7186 8178
6049 7542
391 760
2254 7443
3497 2235
2218 2851
549 16
7417 1399
9941 3435
2756 1921
8036 8722
5259 9161
5741 7372
4817 8311
6886 3686
6941 6805
2924 1674
5920 3372
7324 488
990 318
7806 7685
9031 289
6026 6163
7923 9381
5569 3277
1046 7746
7855 9082
3039 7783
8669 3259
4865 3641
8857 5903
5694 6417
458 603
8112 1951
251 9538
6332 6255
3537 6383
3794 4309
7681 8640
5053 8178
8103 3444
3285 1394
120 151
5080 4783
2998 6903
4792 4142
7346 7944
4064 1047
5715 7029
2631 4226
1082 4123
463 6233
7827 5056
5779 5600
4478 5810
2332 245
1319 3915
6521 6477
6605 1840
9971 3937
9220 1694
826 9581
2760 4007
7800 8393
2191 5103
6365 6221
5471 2039
2102 2247
6044 739
4933 2634
4080 778
9934 9710
9552 6010
169 4119
1351 7472
5643 2668
6454 9348
8358 7711
6119 2409
3964 3786
7059 4148
1815 4727
3205 9284
399 751
5705 1238
6654 9809
1208 3736
2415 4155
4253 4858
2967 7040
2970 2137
6177 2230
1277 5069
2043 9482
2938 6898
1124 2233
7418 2321
1398 4502
7592 7945
4420 331
4552 7274
4141 7900
2097 706
410 2849
7627 9533
5198 523
1274 2106
3868 5439
2976 2011
5272 9193
4894 5454
9433 8618
9679 4751
9967 9621
4597 4856
5456 2931
4362 703
6911 4873
4658 705
7833 1984
7231 9395
4644 3731
5820 48
3778 4266
2640 9542
4316 6548
9867 6428
9522 1787
8222 5439
8303 6830
9124 7591
7299 9282
6109 1776
7765 1347
4878 5660
26 6317
1576 9784
6988 3088
8925 4967
3391 4485
9140 7188
4878 3201
931 8805
1726 887
2422 7488
8002 9630
5565 3988
4483 4217
2017 3463
5802 5099
955 5305
8231 2064
1460 4274
8619 3086
183 3874
2432 3100
8160 7903
2478 6533
7302 5845
6022 592
360 9689
9733 7664
6079 5510
9792 5678
4848 2660
7420 9762
2794 9615
1130 9658
783 5833
9768 6065
7991 3480
201 8774
9531 5440
2429 4202
463 1745
7090 6910
6275 3482
7744 1489
9796 3572
9059 7535
4559 6549
1645 3661
5378 1605
4994 5139
482 8381
3442 3706
8977 1933
8943 9410
3286 8495
2498 1057
1307 5668
8292 7709
3615 3410
9970 8352
6996 2857
8919 4926
1573 1533
5643 3122
3162 462
8354 2248
7854 3365
3384 5285
5856 1348
5865 2673
2143 6578
562 4493
6374 8563
861 9255
8489 5632
9239 986
9908 5118
2065 2282
7860 2599
6204 1851
1512 2312
8505 6216
1669 4278
6666 7610
1564 7199
6504 8893
7964 3837
1962 829
2874 946
8406 6739
5637 6647
9665 251
8930 7152
8866 1819
1711 4148
306 3494
6023 792
4307 9719
7968 2584
3554 7533
5365 8348
9756 4048
6481 9587
9437 2643
4082 1038
7138 7689
5406 2341
1237 5276
3025 7345
3510 1088
9048 42
9327 9274
3321 6602
2241 5359
9799 7792
5033 8362
5816 948
7764 1922
4573 9249
9965 1879
4764 5282
2993 1591
2255 2534
6463 5874
1867 8899
5089 3253
660 1725
202 531
6902 8102
1566 4591
756 111
605 3198
4439 2202
9114 2873
3568 4581
5109 8882
5632 2806
1991 659
3801 3817
1818 8053
2959 7640
6735 2498
3156 908
536 7648
3518 9155
1319 6584
616 6677
7076 5366
1287 7081
1998 4215
8456 9212
7982 1104
6282 7879
8899 8200
1258 8023
8983 5137
4339 5803
2144 4519
2083 2788
2164 4877
1667 7276
7092 4592
6361 3730
5588 9021
4471 1447
7044 6786
3712 4308
1699 3439
1460 8961
9679 4605
7605 2117
5440 4064
9749 4866
6386 9313
4237 6263
6119 4552
9607 5914
3665 5696
3556 4517
8695 919
3520 1916
362 8786
532 9865
3245 5306
8586 3394
9172 1253
1128 9412
2386 7255
2419 436
5076 545
5487 9006
327 2085
118 9159
8144 4510
4686 5518
9930 1288
1698 3079
7950 9519
1707 7930
7464 1110
3889 8462
1543 2417
1967 6308
1015 5522
2948 2565
4510 6462
9341 9362
2579 5084
2310 1933
3856 7071
7098 1079
7804 8969
8361 4823
1169 9271
2558 5707
8693 6250
4469 8979
1452 4963
4572 6066
7878 5410
9597 8137
5374 2048
2805 9524
339 3433
2321 1084
4937 7875
5639 1068
1568 1093
637 5450
652 3643
3346 7641
8835 6520
1294 4027
1121 4489
6577 3235
3161 1608
1952 85
900 6247
4813 7322
8753 9074
983 1319
5626 2541
4704 6678
563 9792
9121 4668
9680 5103
7485 4204
2129 3893
6922 2797
756 345
8083 8785
3434 876
7795 383
5260 814
2496 887
7975 7566
4310 8301
4518 6311
9920 5902
7563 8837
6127 2023
8776 9128
7681 2688
3433 5478
9492 2512
5932 8803
3586 3911
9664 7881
1238 996
5406 3017
6232 6766
3399 1694
2037 6569
9703 6094
1003 5041
9774 9552
646 7801
7075 9775
4490 6159
7706 7324
9492 4641
8490 6500
5395 7820
4301 9443
3526 8206
283 6524
1035 5062
8093 8543
1415 8373
2235 4243
8345 2400
3347 2720
5077 643
403 221
4722 4740
3503 2658
8192 5710
5114 6230
4074 5406
9810 1393
8411 356
2357 9140
928 5999
6097 7185
4572 6594
5034 8268
3249 7538
8662 5099
8533 6981
3808 933
9509 2327
5783 8168
2902 315
1343 6303
5899 9995
7801 353
8365 6880
6183 6732
5010 4324
9134 7493
210 1322
5252 544
4461 78
3028 1160
5548 8596
526 7883
6727 4779
8633 5081
373 6134
4459 8678
9227 3703
3539 7877
1878 8356
44 8920
5591 3096
2469 5842
8645 8284
9678 1522
8688 6815
5148 5091
2205 963
667 1993
3765 4917
2615 3310
445 266
6175 5887
9930 1729
3860 5092
1955 238
6534 6519
8205 6885
729 3048
4959 5133
6362 4345
8575 2441
1498 3328
1428 7570
2614 5898
256 4871
8380 1891
227 3392
1769 8938
1843 8699
747 882
8205 7073
5180 3523
7680 4737
1183 6786
4184 2915
377 507
4404 2667
8520 2810
4061 296
8420 1460
803 5005
2349 6721
2187 263
2786 5421
8372 440
105 9443
5960 2758
5843 2390
1974 4142
8634 2483
1777 3326
6952 9822
2550 2877
3544 4642
927 4187
1372 5019
767 6878
7857 5003
8403 9492
3045 4778
3653 7283
2654 6691
5061 9868
1980 362
4861 8150
6326 3727
7326 5027
8480 2696
1858 7762
6586 9996
5576 480
2833 6364
1307 4568
1572 5920
369 4077
2637 4770
1578 5916
2096 5055
600 5405
9768 2364
5164 3180
328 2838
1260 7606
5976 5762
1395 8106
1173 5840
4827 9103
9610 2790
5026 3327
5709 4101
5835 7246
2283 3869
2026 2722
8383 1854
7357 9944
2484 8686
7108 7334
7493 4982
9138 9352
3066 6559
2904 5244
8350 8149
1256 473
1070 1347
6644 793
5668 9311
8947 1150
2668 5400
8271 4895
8148 8989
7127 4417
5874 2000
6267 5086
3464 99
5606 2756
5738 9612
3787 447
2803 8862
2640 3094
843 2543
7876 7276
868 3063
1468 516
3700 1162
429 9661
1224 4012
1370 3406
4891 3934
3042 4076
2721 5335
2289 9422
2121 8401
1213 6598
8496 1814
410 8254
5005 3097
4132 8297
8596 9422
6777 7067
3744 2405
6817 6672
4399 9700
8385 2161
2921 4946
2236 5065
1565 5606
3377 7783
5618 1687
1413 7922
8903 5728
2715 1788
6780 3673
6039 9604
6250 3859
5203 1717
2076 2453
7959 1973
5303 1574
6341 3765
752 9198
6935 1755
9173 6412
8187 3012
1446 1351
3169 9148
3618 1540
3545 1023
8420 4232
6532 8505
2603 3066
7673 4790
3588 9322
5951 1447
1732 5648
6281 7523
157 2972
4726 7894
1249 3070
8202 5268
2449 9095
4744 6345
8643 9504
4844 9459
5780 7616
6883 5594
3876 333
9665 4956
2410 3026
5988 6314
5078 6471
9560 5589
5087 9711
4196 8745
7025 2251
5010 3686
5906 7887
1180 819
6866 1146
7261 3419
3805 892
6190 8471
3255 6641
8594 70
9037 6340
7980 5402
8462 5709
28 2113
1031 5411
9941 8963
408 4767
8220 3766
637 3498
1575 2821
630 512
6468 7169
8802 3287
3596 3654
5193 7043
3554 2637
4827 6264
2195 7031
9048 1881
7838 7522
698 5502
9282 8041
574 3179
3330 8076
8688 4420
4748 2629
6955 1116
9953 6526
1974 384
4542 247
1483 4897
4149 9692
6930 3737
2591 3853
8504 8830
7905 6922
8247 6898
1105 2248
2749 8356
4276 5534
8167 6496
613 7390
5203 7720
4122 9757
713 3008
3917 303
9145 3759
2581 3100
4184 779
7045 6915
6989 496
8976 8696
521 4407
1468 4720
7704 6554
6549 5880
9390 8665
6350 8405
2518 9346
5263 7727
1789 4020
287 9484
846 911
1671 5717
7864 8891
4646 4376
42 8901
9552 3349
9051 405
8674 640
2710 2290
9128 6085
5425 8920
130 433
7228 1111
565 9975
4516 4719
5978 7702
2813 3478
9189 4099
5894 877
866 4196
6892 3685
4405 3877
96 7131
1016 6751
4374 8160
9333 7774
3042 8141
7749 3748
2912 9638
4908 6832
7655 4674
7975 197
7834 5963
3106 932
7145 9210
5225 8519
993 4736
5456 8857
3670 5102
1665 2964
9539 3416
5886 3840
5638 3941
7951 9187
7123 8993
7082 1153
2120 1365
5565 4926
2340 9852
5736 4650
7728 8737
4195 1567
9853 2209
4970 9239
3356 5246
1633 9827
2090 9048
795 8679
4897 6703
9748 2795
5874 3969
4033 5339
3486 8596
2971 650
2634 6313
4333 5333
9445 3921
2319 5424
3243 7614
4514 7961
492 6486
1135 7648
8178 7697
6915 9012
3746 6456
8595 233
7984 9511
7010 8060
3841 1013
3325 8516
3377 6611
6047 9092
9634 649
2279 5290
1272 7255
9786 5017
30 2699
5731 7284
3838 849
766 9553
5854 7019
3680 2350
2412 1562
3138 6856
7572 9224
6609 4637
5647 885
2885 9070
5418 6651
50 1617
5224 6414
8844 7403
9572 4989
198 7398
4364 5895
2811 9609
9307 3339
8846 1592
3753 2271
8906 4717
1848 2029
3653 3628
2824 4298
8269 6598
76 6919
4864 4433
9445 3453
8845 2732
7773 6157
9056 1652
7840 629
8786 9072
7718 2970
9965 3028
3900 9184
1291 2996
6046 8693
1161 3239
884 8183
365 883
4280 7331
959 2560
2121 4832
8924 4999
1807 3290
1222 9646
2585 8944
4723 6364
8548 5546
2497 3685
2861 5319
4601 7353
5621 951
9844 4122
4300 8189
1997 8205
1807 4077
401 48
9220 8768
6479 5910
4511 6285
5502 4664
2537 770
2165 1841
4543 1976
3196 5567
3590 8289
8772 7831
7558 138
8608 9768
3615 4073
9140 8180
2290 3211
1485 9661
6074 8782
5742 534
3062 1385
6677 5068
2365 4684
7951 6918
5844 3541
2555 8877
7644 9281
3901 1148
7369 7013
2485 595
2978 9504
2196 973
2819 8223
3865 95
5274 9290
4714 5148
2814 7648
6587 2109
8515 3314
6913 6597
3205 1599
7628 8201
9998 4073
3567 1709
3998 148
6329 8157
2114 5261
8502 637
8875 3881
9303 5050
7007 4462
2765 8861
7506 4496
4911 7363
4146 827
7901 4232
457 2142
8432 8401
109 3676
1590 5578
6511 9319
8479 8368
5811 1635
5339 229
7170 7413
8978 1766
9842 9830
1641 4778
830 5723
5442 8614
3007 644
383 4508
7660 5972
616 6017
4072 669
4187 5963
5911 1730
7781 563
9181 5485
7520 5698
279 431
254 962
9528 1487
3085 2429
2183 9752
4784 68
517 1351
6691 1504
334 9875
1825 6162
595 3706
8206 448
2903 4800
1637 9123
1267 5726
3848 5062
9523 8780
2449 9778
2387 1916
8214 3722
7398 2670
6868 8391
9880 2705
8106 4612
1107 6629
3188 2775
5989 8515
6558 2061
1388 5516
4745 6833
6607 7447
9973 1775
3294 9048
9702 5766
8875 7130
791 4747
1855 8288
1221 4673
5769 847
3001 7634
8181 2431
9651 6507
5180 7565
5075 72
4665 8971
5438 2212
2356 1858
8610 5090
2001 4964
9384 2592
413 7743
2719 6874
8964 4699
8913 6273
2117 8947
6762 7623
2815 7791
6353 1871
3641 5473
3985 2994
9716 1958
4732 1667
1957 5702
9390 3926
741 7054
7425 9133
4423 5726
6032 7664
1273 3911
9853 4024
6193 2888
6871 8358
6832 622
9993 9107
2051 354
4660 4295
7915 4318
4888 3728
4 499
3634 2205
2249 6319
9935 1625
1166 7603
5148 3365
7810 3311
689 5680
1247 6128
3595 9113
171 2621
5010 9051
1552 6343
3623 7132
9986 4109
9416 2075
59 5346
860 6282
718 455
5396 2557
6614 3411
1368 5489
737 3136
5692 1241
2149 8698
6405 9194
482 7531
7766 3195
2511 5504
6437 8902
3321 8006
185 8721
4913 91
485 7544
5322 7979
4924 2889
1486 6538
3885 5077
1542 2163
6226 1516
5948 5990
3057 6319
7732 9228
9723 803
2352 8501
6118 8102
9854 9025
2521 9239
8648 8183
5902 5743
2176 6412
4630 5542
3232 6399
961 897
8253 6142
4872 978
3464 8907
1941 9148
992 1577
4256 642
2231 9019
5268 901
6540 1521
8330 391
7040 2102
2823 5492
4703 1537
1107 6570
4675 3795
2146 8296
5245 6511
2912 6010
851 1016
3406 6723
6649 3631
2678 3036
6113 7609
1717 7278
7473 8794
9013 6058
2289 4201
6503 2573
2128 7194
2352 3728
9996 2016
8945 8297
7906 7241
84 9373
9658 9950
9213 2689
9451 8420
9611 3675
5961 5575
7004 1199
4902 7812
6762 8291
974 681
3036 1096
2630 5720
5722 4563
3669 4007
3137 1815
697 5913
4290 3797
9733 2241
8649 6802
3251 748
1559 7317
4012 8747
5399 7551
9014 9167
6997 5874
5720 6546
404 9214
4189 4457
357 2888
1888 7819
4059 2316
6763 4336
4364 1690
8772 1116
7115 8416
6024 2907
5039 8234
6087 6676
9244 9463
7883 5738
3625 7402
4531 5082
3087 8730
8375 2684
289 1734
2078 5555
1658 2631
2069 1258
2778 34
9968 9456
1286 7198
802 3576
3390 1703
3060 8861
2171 9959
5331 4367
5599 6575
6272 6403
3191 6141
906 2422
1850 8643
5608 5190
4159 5736
9304 8569
1125 4030
2914 9178
709 2477
6701 8893
5873 7984
6121 6093
2546 428
6229 4413
6928 1494
3903 9145
2273 1180
2267 1733
6329 2679
8793 3525
4254 2706
3342 7731
6718 4210
8125 8962
6083 201
2284 5915
8339 6983
2723 5260
5319 5194
8279 7081
3659 8258
7658 1558
6260 3250
5686 1759
8110 5895
1919 7739
6373 6350
807 2670
2896 5587
7642 4572
1007 7203
808 1643
1792 2633
5296 6983
538 6032
5481 3150
6335 1644
9558 3493
6589 1094
1576 7657
744 7245
4076 8080
3559 9989
58 3488
5611 9786
4176 8734
6842 8618
2224 4129
8742 1986
9321 9998
2255 117
6227 4432
5351 8121
5436 1086
5288 7041
5947 289
8891 6640
8600 3223
1670 5968
7155 1169
9365 2130
8337 4219
1279 3977
5109 9756
9153 2550
3758 6421
3297 6467
5341 8208
4512 5320
4315 9553
1473 1011
8026 6592
6906 5920
6046 9906
4378 8058
2168 2019
9997 5130
8100 9179
3770 6206
4958 9948
2685 8487
4706 8975
1032 4415
6890 2095
9355 7964
6337 2100
8441 736
9348 525
7435 3509
2984 819
6339 9117
6594 2061
6876 7179
6962 2572
5367 9411
1303 2701
1439 8057
7511 4965
8823 1754
9827 6238
2649 5023
4819 9437
1676 2166
7900 8406
8745 2074
8230 223
9431 5346
9608 6008
6763 9326
8244 2189
8277 3202
1296 5775
9654 7837
6198 3714
7404 6796
2078 4865
9230 2245
6687 9702
530 2609
83 5746
6765 7176
5159 2920
4172 4858
5638 500
3064 9064
6838 4707
4209 101
6113 7663
6940 5843
5428 2329
4609 456
3707 6158
7797 9578
6506 1191
9883 7759
559 3359
479 7048
9180 113
5261 502
1395 3425
6698 1136
797 3563
6810 2483
6675 6246
9063 4364
9934 5014
8414 5619
5425 5457
3185 5646
8235 9135
2906 622
8279 1155
2969 8886
9875 2869
9377 4961
6137 6545
5858 2439
2897 9895
4173 8866
8652 7977
8241 7340
3688 4769
7216 3927
4611 3956
1 8571
5141 6629
2732 1060
1764 9313
5391 6660
6647 2790
2300 5616
1947 8623
3243 3991
9482 1334
3574 6710
279 102
2586 6720
7562 1481
491 7707
4794 6433
1485 930
3588 5325
9050 787
8409 9646
5813 1343
9229 1172
1894 4691
1343 8845
9596 9150
3368 7106
952 6115
2514 6471
7859 6600
2900 6405
3387 9249
5238 7021
4377 6225
6989 9118
5465 21
7684 9025
6068 4844
9135 3926
5268 3067
5568 9915
3829 3536
5688 7167
1997 1983
6686 391
2226 7741
6802 3124
6416 3928
526 875
9686 7056
6574 7181
7113 6324
761 1216
5610 3891
6599 3519
5253 3981
7862 7245
979 7986
3094 8044
7131 758
8320 9884
4902 6119
3216 7815
6310 2546
5768 5376
806 1260
8986 1885
8937 4556
43 7017
2140 7131
8470 8611
8331 6816
3216 7235
177 1248
2226 786
8054 1393
3135 3429
4976 4415
5591 166
9756 9427
4425 389
1869 9518
9582 8269
2505 5915
5628 1978
3630 5791
5056 7216
3207 7959
5834 9914
6966 8346
7718 6022
1165 7323
9787 1368
4914 4578
9135 2864
5922 8272
9819 2934
4026 7218
7587 8837
7992 3398
7888 1875
1312 3561
5755 3414
8536 570
8323 6676
2704 4653
2993 7483
9537 6613
7363 5714
8101 29
5450 5921
6374 9230
9123 272
7777 1808
8862 2310
8772 4913
7992 5909
2085 6742
7711 1576
8056 4782
5110 1197
7479 1813
5721 4213
7569 9352
7209 9918
8333 9935
5579 866
3609 4493
6032 1918
5298 5046
3667 9236
6255 6020
2389 2717
8126 9220
5898 4192
3002 775
8405 5133
6394 5844
8210 4762
4026 3863
1537 2720
8726 1969
3047 7551
2599 4504
947 1200
6947 7892
8795 4053
3114 2324
8612 6098
1973 3236
3273 5861
1102 5138
611 1835
2334 2130
6265 4028
4511 8877
374 4753
3547 6321
3143 6183
742 7202
9646 4290
3129 5040
4487 2049
2559 5797
8679 8565
9188 5481
5603 2406
5834 2245
8429 1185
2248 2304
4389 3242
7158 2073
529 2516
6367 2748
1590 5620
3365 364
8518 9451
713 2014
5436 6461
9139 8758
769 89
5609 7974
9452 8930
4402 3510
781 576
8234 6472
6306 3041
3030 1744
6776 2798
7983 7246
9460 891
9631 2456
9942 4227
101 6142
2587 8634
8274 6450
6219 1543
8809 945
4023 1487
4689 9408
3192 5645
1158 7226
1391 3171
8473 5860
421 2948
9791 1559
5528 8211
972 8891
9034 9299
780 1165
27 6706
4103 935
2376 1029
7806 7623
5502 7414
7599 9837
5944 3913
217 5344
7099 1362
4997 5028
4139 3691
7794 5113
2722 2127
1833 9947
8083 8508
850 2701
5409 7055
9095 3118
3654 5059
5679 5587
3945 1351
3927 6304
9847 2952
3601 986
1968 4313
5712 8524
6314 4720
6938 6044
2742 6243
6926 9412
1264 1230
2159 4140
4698 1760
28 2313
4762 4028
8450 5780
3043 1750
7607 6570
7894 2368
9749 5213
7216 6116
6968 1088
2621 6863
2550 5612
4563 3505
3323 1971
6176 9262
3254 4346
3161 5863
5772 1450
466 6156
2490 8622
2156 9538
1730 6095
3375 3017
2561 2637
671 5154
2846 3649
1547 8565
9710 9905
4763 821
6657 9960
765 7273
8642 3230
6739 4567
4197 7953
7037 9969
9097 354
9061 5993
5645 3894
3055 151
9023 1466
569 6858
6847 2357
9583 1208
6483 8294
9255 4155
9908 1200
9698 6773
3684 5567
9967 4031
272 7969
7055 5157
5696 894
2518 9001
3837 8539
4934 2565
8434 9746
6952 8457
7970 9319
696 6849
4828 5532
6937 9631
9197 2616
9864 3899
5462 3353
5116 1872
6708 3755
6721 9753
1596 4129
1303 2407
9714 8635
6651 6132
6449 9922
6019 4179
2541 9016
2202 2610
2647 9917
2055 8715
5448 3115
4291 9407
9568 6178
4620 1798
6986 9503
8113 8626
7526 7273
2587 6859
8680 4225
7820 2491
6482 4854
3215 8821
5284 4147
5420 6636
6745 5250
792 3058
3942 1465
4087 9168
4453 9326
4736 8985
8387 8197
3298 7229
4366 7662
5516 9578
7806 7936
3197 2790
2322 9050
938 1573
9415 5410
1500 8256
7304 4274
9834 8345
6912 4555
6985 4351
9471 6803
3840 5092
1821 7390
1418 7617
4442 732
14 9323
6977 1262
3181 4271
6805 2757
5200 2229
7157 9202
3600 4373
5197 1667
6876 2073
5191 3558
6994 2780
4631 2132
1172 3312
8075 2593
7101 5514
1413 1247
2413 6597
387 8469
4762 7466
7698 7036
5577 1364
7777 9529
4538 7594
4869 9408
8689 4662
3063 1140
2797 4256
1099 3363
4772 8019
1696 7312
1977 5144
1601 8916
4852 2379
6714 5092
5487 5739
4348 5030
5567 2959
8820 5340
6070 7304
7813 7931
9141 372
4404 5190
9243 1064
5673 4118
1875 3841
7966 7714
7860 6408
801 2364
3433 3715
5043 1451
5138 5900
5727 1517
6446 3667
9764 6798
162 4452
4245 2136
751 6800
4278 4382
4492 7294
9163 7711
1475 7495
256 3805
8870 1690
8570 5353
6280 5591
1856 4448
7625 1955
2421 7827
5845 5277
3777 4619
8131 7307
2748 4441
4911 7386
3052 1349
1701 7354
2559 1170
3588 747
4979 3798
2965 3074
8149 3209
9531 640
6593 7932
6691 8216
7994 9941
3862 9381
8638 282
3047 3650
6175 7665
6697 1429
38 2888
9724 1821
1009 9529
4013 4692
6697 3399
8227 7533
711 643
9742 9501
9644 6535
9246 4818
8552 1519
3457 8666
3843 3269
3757 3362
1739 1853
3523 4411
5882 5060
4574 7505
151 6281
8823 6911
8411 6057
9165 9075
6961 9160
1700 9721
984 1629
4026 3172
503 752
4810 9117
9934 6073
3516 951
9851 3592
3101 7091
1661 6249
1056 8470
4418 3710
270 2467
230 7267
1194 2903
6020 8416
2959 3101
1121 9056
6438 9524
215 3738
3918 2002
4497 1334
7937 3253
