512
9
000000000
9
100000000
9
010000000
9
110000000
9
001000000
9
101000000
9
011000000
9
111000000
9
000100000
9
100100000
9
010100000
9
110100000
9
001100000
9
101100000
9
011100000
9
111100000
9
000010000
9
100010000
9
010010000
9
110010000
9
001010000
9
101010000
9
011010000
9
111010000
9
000110000
9
100110000
9
010110000
9
110110000
9
001110000
9
101110000
9
011110000
9
111110000
9
000001000
9
100001000
9
010001000
9
110001000
9
001001000
9
101001000
9
011001000
9
111001000
9
000101000
9
100101000
9
010101000
9
110101000
9
001101000
9
101101000
9
011101000
9
111101000
9
000011000
9
100011000
9
010011000
9
110011000
9
001011000
9
101011000
9
011011000
9
111011000
9
000111000
9
100111000
9
010111000
9
110111000
9
001111000
9
101111000
9
011111000
9
111111000
9
000000100
9
100000100
9
010000100
9
110000100
9
001000100
9
101000100
9
011000100
9
111000100
9
000100100
9
100100100
9
010100100
9
110100100
9
001100100
9
101100100
9
011100100
9
111100100
9
000010100
9
100010100
9
010010100
9
110010100
9
001010100
9
101010100
9
011010100
9
111010100
9
000110100
9
100110100
9
010110100
9
110110100
9
001110100
9
101110100
9
011110100
9
111110100
9
000001100
9
100001100
9
010001100
9
110001100
9
001001100
9
101001100
9
011001100
9
111001100
9
000101100
9
100101100
9
010101100
9
110101100
9
001101100
9
101101100
9
011101100
9
111101100
9
000011100
9
100011100
9
010011100
9
110011100
9
001011100
9
101011100
9
011011100
9
111011100
9
000111100
9
100111100
9
010111100
9
110111100
9
001111100
9
101111100
9
011111100
9
111111100
9
000000010
9
100000010
9
010000010
9
110000010
9
001000010
9
101000010
9
011000010
9
111000010
9
000100010
9
100100010
9
010100010
9
110100010
9
001100010
9
101100010
9
011100010
9
111100010
9
000010010
9
100010010
9
010010010
9
110010010
9
001010010
9
101010010
9
011010010
9
111010010
9
000110010
9
100110010
9
010110010
9
110110010
9
001110010
9
101110010
9
011110010
9
111110010
9
000001010
9
100001010
9
010001010
9
110001010
9
001001010
9
101001010
9
011001010
9
111001010
9
000101010
9
100101010
9
010101010
9
110101010
9
001101010
9
101101010
9
011101010
9
111101010
9
000011010
9
100011010
9
010011010
9
110011010
9
001011010
9
101011010
9
011011010
9
111011010
9
000111010
9
100111010
9
010111010
9
110111010
9
001111010
9
101111010
9
011111010
9
111111010
9
000000110
9
100000110
9
010000110
9
110000110
9
001000110
9
101000110
9
011000110
9
111000110
9
000100110
9
100100110
9
010100110
9
110100110
9
001100110
9
101100110
9
011100110
9
111100110
9
000010110
9
100010110
9
010010110
9
110010110
9
001010110
9
101010110
9
011010110
9
111010110
9
000110110
9
100110110
9
010110110
9
110110110
9
001110110
9
101110110
9
011110110
9
111110110
9
000001110
9
100001110
9
010001110
9
110001110
9
001001110
9
101001110
9
011001110
9
111001110
9
000101110
9
100101110
9
010101110
9
110101110
9
001101110
9
101101110
9
011101110
9
111101110
9
000011110
9
100011110
9
010011110
9
110011110
9
001011110
9
101011110
9
011011110
9
111011110
9
000111110
9
100111110
9
010111110
9
110111110
9
001111110
9
101111110
9
011111110
9
111111110
9
000000001
9
100000001
9
010000001
9
110000001
9
001000001
9
101000001
9
011000001
9
111000001
9
000100001
9
100100001
9
010100001
9
110100001
9
001100001
9
101100001
9
011100001
9
111100001
9
000010001
9
100010001
9
010010001
9
110010001
9
001010001
9
101010001
9
011010001
9
111010001
9
000110001
9
100110001
9
010110001
9
110110001
9
001110001
9
101110001
9
011110001
9
111110001
9
000001001
9
100001001
9
010001001
9
110001001
9
001001001
9
101001001
9
011001001
9
111001001
9
000101001
9
100101001
9
010101001
9
110101001
9
001101001
9
101101001
9
011101001
9
111101001
9
000011001
9
100011001
9
010011001
9
110011001
9
001011001
9
101011001
9
011011001
9
111011001
9
000111001
9
100111001
9
010111001
9
110111001
9
001111001
9
101111001
9
011111001
9
111111001
9
000000101
9
100000101
9
010000101
9
110000101
9
001000101
9
101000101
9
011000101
9
111000101
9
000100101
9
100100101
9
010100101
9
110100101
9
001100101
9
101100101
9
011100101
9
111100101
9
000010101
9
100010101
9
010010101
9
110010101
9
001010101
9
101010101
9
011010101
9
111010101
9
000110101
9
100110101
9
010110101
9
110110101
9
001110101
9
101110101
9
011110101
9
111110101
9
000001101
9
100001101
9
010001101
9
110001101
9
001001101
9
101001101
9
011001101
9
111001101
9
000101101
9
100101101
9
010101101
9
110101101
9
001101101
9
101101101
9
011101101
9
111101101
9
000011101
9
100011101
9
010011101
9
110011101
9
001011101
9
101011101
9
011011101
9
111011101
9
000111101
9
100111101
9
010111101
9
110111101
9
001111101
9
101111101
9
011111101
9
111111101
9
000000011
9
100000011
9
010000011
9
110000011
9
001000011
9
101000011
9
011000011
9
111000011
9
000100011
9
100100011
9
010100011
9
110100011
9
001100011
9
101100011
9
011100011
9
111100011
9
000010011
9
100010011
9
010010011
9
110010011
9
001010011
9
101010011
9
011010011
9
111010011
9
000110011
9
100110011
9
010110011
9
110110011
9
001110011
9
101110011
9
011110011
9
111110011
9
000001011
9
100001011
9
010001011
9
110001011
9
001001011
9
101001011
9
011001011
9
111001011
9
000101011
9
100101011
9
010101011
9
110101011
9
001101011
9
101101011
9
011101011
9
111101011
9
000011011
9
100011011
9
010011011
9
110011011
9
001011011
9
101011011
9
011011011
9
111011011
9
000111011
9
100111011
9
010111011
9
110111011
9
001111011
9
101111011
9
011111011
9
111111011
9
000000111
9
100000111
9
010000111
9
110000111
9
001000111
9
101000111
9
011000111
9
111000111
9
000100111
9
100100111
9
010100111
9
110100111
9
001100111
9
101100111
9
011100111
9
111100111
9
000010111
9
100010111
9
010010111
9
110010111
9
001010111
9
101010111
9
011010111
9
111010111
9
000110111
9
100110111
9
010110111
9
110110111
9
001110111
9
101110111
9
011110111
9
111110111
9
000001111
9
100001111
9
010001111
9
110001111
9
001001111
9
101001111
9
011001111
9
111001111
9
000101111
9
100101111
9
010101111
9
110101111
9
001101111
9
101101111
9
011101111
9
111101111
9
000011111
9
100011111
9
010011111
9
110011111
9
001011111
9
101011111
9
011011111
9
111011111
9
000111111
9
100111111
9
010111111
9
110111111
9
001111111
9
101111111
9
011111111
9
111111111
