5 6: 100000000000000 100000000000000

5 5: 100000000000000 100000000000000

5 4: 100000000000000 100000000000000

5 3: 100000000000000 100000000000000

5 2: 100000000000000 100000000000000

5 1: 4 6

4 6: 100000000000000 100000000000000

4 5: 100000000000000 100000000000000

4 4: 100000000000000 100000000000000

4 3: 100000000000000 100000000000000

4 2: 6 5

4 1: 4 6

3 6: 100000000000000 100000000000000

3 5: 100000000000000 100000000000000

3 4: 100000000000000 100000000000000

3 3: 7 4

3 2: 5 4

3 1: 4 6

2 6: 100000000000000 100000000000000

2 5: 100000000000000 100000000000000

2 4: 14 3

2 3: 12 3

2 2: 11 5

2 1: 7 6

1 6: 100000000000000 100000000000000

1 5: 19 2

1 4: 14 3

1 3: 12 3

1 2: 11 5

1 1: 7 6

0 6: 22 1

0 5: 17 1

0 4: 14 3

0 3: 12 3

0 2: 10 1

0 1: 7 6

100000000000000 7 10 12 14 17 22 100000000000000 100000000000000 100000000000000 100000000000000 
