12: 0
7: 0
19: 0
20: 0
13: 0
14: 1
1: 0
3: 1
9: 0
16: 0
8: 0
11: 0
18: 1
10: 2
6: 0
22: 0
23: 0
2: 0
15: 1
17: 8
5: 3
21: 0
4: 3
0: 0
24
0 4 7 12 14 19 13 20 5 3 1 17 6 10 9 8 16 18 11 15 22 23 2 21 
0: [0,24),0 [0,1),0 [24,24),0
w+1 1: [10,11),1 [0,11),0 [11,24),0
2: [22,23),2 [0,23),0 [23,24),0
w+2 3: [9,11),2 [0,10),1 [11,24),1
w+1 4: [1,24),1 [0,2),3 [24,24),3
w+2 5: [8,23),2 [0,9),3 [23,24),3
6: [12,19),6 [0,13),0 [19,24),0
7: [2,4),7 [0,3),0 [4,24),0
8: [15,17),8 [0,16),0 [17,24),0
9: [14,15),9 [0,15),0 [15,24),0
w+2 10: [13,19),8 [0,14),2 [19,24),2
11: [18,19),11 [0,19),0 [19,24),0
12: [3,4),12 [0,4),0 [4,24),0
13: [6,8),13 [0,7),0 [8,24),0
w+1 14: [4,8),13 [0,5),1 [8,24),1
w+1 15: [19,23),14 [0,20),1 [23,24),1
16: [16,17),16 [0,17),0 [17,24),0
w+8 17: [11,23),9 [0,12),8 [23,24),8
w+1 18: [17,19),17 [0,18),1 [19,24),1
19: [5,6),19 [0,6),0 [6,24),0
20: [7,8),20 [0,8),0 [8,24),0
21: [23,24),21 [0,24),0 [24,24),0
22: [20,21),22 [0,21),0 [21,24),0
23: [21,22),23 [0,22),0 [22,24),0
20 19 33 19 21 20 24 25 38 39 32 57 37 43 31 32 54 26 47 49 63 39 53 54 
