1
4778
10 2 7 6 1 3 0 0 10 7 1 10 5 5 0 6 7 8 10 4 8 2 6 9 7 10 3 8 2 1 10 10 4 7 5 5 10 6 4 9 0 3 6 6 8 5 10 4 2 7 7 0 10 2 7 6 10 0 1 10 1 0 10 3 5 2 7 2 6 0 10 7 3 3 0 0 8 8 
2 1 10
3 2 1
4 2 1
5 4 6
6 1 3
7 4 6
8 4 6
9 5 5
10 6 5
11 9 6
12 3 8
13 10 8
14 11 6
15 11 6
16 9 2
17 2 9
18 10 7
19 3 6
20 15 2
21 14 1
22 14 3
23 12 4
24 1 4
25 21 9
26 8 9
27 4 2
28 25 8
29 27 7
30 22 5
31 2 8
32 12 9
33 28 3
34 7 6
35 7 5
36 22 4
37 1 10
38 19 10
39 28 6
40 36 6
41 6 3
42 29 9
43 20 3
44 37 7
45 7 1
46 8 3
47 22 3
48 6 8
49 2 10
50 6 8
51 14 10
52 45 9
53 19 10
54 44 6
55 35 3
56 53 2
57 2 8
58 57 3
59 25 10
60 28 3
61 22 6
62 22 2
63 14 10
64 23 7
65 61 3
66 54 2
67 42 8
68 64 5
69 58 10
70 46 6
71 62 5
72 37 1
73 34 2
74 16 6
75 51 6
76 14 3
77 17 5
78 66 1

