4
422 2
5395676 6519703 58673724
3113881 9427083 759802884
5115250 9140166 757837843
3614353 7524761 720778374
2658176 4871900 418064369
6149866 9870263 161811455
1709 7713745 766324630
6988523 8066276 154196604
2756278 8367043 82842732
1582317 8685550 780344087
4085151 5418317 718246844
9515465 9613232 118315602
3471180 6303067 164131540
1027635 2229998 930025261
4447466 9850862 22687723
4038088 4562796 446135364
5233217 5472698 859841625
1643436 3172198 717960018
450788 8266749 268127424
1259429 2975128 243189380
5977834 8437080 332677538
2818528 4033504 485465102
3871200 4239675 526341558
8387470 8726628 461680368
1683591 8925728 213766934
2471176 4674235 53909977
7118510 7915330 626332809
1199619 5513488 758089696
4273620 7786192 872626467
636182 9524149 226275948
3251017 5163007 953100188
4861584 9575603 911035282
9713631 9890702 653403641
2666928 7074168 43908512
540226 1882354 118119911
2822133 2884463 488311268
2815362 8284509 349919858
1168110 6222135 109458490
435999 8409061 200115684
6949227 7689902 545927034
3319108 9540710 928922043
4862537 6526106 3785492
5521183 6151668 384785045
4293244 9144922 717393209
2432013 9865145 542597521
3958602 8737740 83941112
1378973 6076491 600952272
1377301 1923966 732753845
5305321 8833492 138162353
1527809 4242981 249958784
9459512 9623672 675301538
8097314 9228262 464010170
3547888 9290678 998843129
3840051 9223184 965597189
9263871 9427479 346381603
5518832 9130270 250995346
6463343 7619109 62237621
7108807 7653590 107979111
2013522 7575952 144078326
9280691 9839994 94555703
2877357 9440606 102308764
1070765 3832155 926189185
5359433 7647386 750218066
8753185 9191753 285982861
4062035 5583632 813405292
135333 9213632 489644782
1469146 6246003 647184328
5460686 7740532 566190684
529285 4929272 841723833
692596 8367844 952995524
8905688 9665684 293879395
1148183 8394432 854962458
4684476 7745535 199511820
1984514 5897276 159723172
1495872 7629917 310271697
106644 306919 376461738
181446 3332637 604888848
7350649 7584473 153875062
1331232 6530836 923393185
1885095 4244215 708099627
3220866 9558103 430324644
5365038 5953402 24951975
968892 2415208 511525804
5310866 8122900 716115125
305194 8383994 490705402
1603151 5693383 389988400
150199 9418059 162676702
2046330 2538585 807118392
5594228 7308115 484389930
3504273 5560798 604628888
3658629 4676125 371804841
1997673 9352241 749850715
2647414 8125954 987162817
1382969 8080737 368450546
3781682 8477400 795024014
2617118 8298745 583235087
20814 2591609 187586530
7570313 9452401 104406635
6358737 7959488 273897273
1132917 9110283 827828651
4209208 7332651 922189529
928252 5562094 808145648
1132905 2224188 912161456
1299992 4694370 332623906
9426487 9767074 312121908
945854 5943065 69575241
826041 3491277 377629461
4264677 8199361 824789003
5791886 7724645 204973931
1866486 2708810 535159945
473678 927376 588928123
474811 2572183 242547933
4725387 8696149 402375518
2347282 8673815 969760303
341799 7845991 286201366
4288190 7861251 277421702
8538910 9477065 966658671
4096859 4931635 21894313
2540902 2703572 152041081
5933345 8433097 903740587
3092586 5660283 29410591
8608888 9940920 989828907
2773104 7203172 212509001
3593636 7913923 815816291
2668513 5438671 984109565
1152263 3630204 35207423
6384149 9658147 921398169
7027181 8255681 172920417
7815260 8405466 440283367
574105 5362255 485197141
4010154 4203239 405450396
1759862 5709210 199311457
7840006 9212971 699612266
3020590 3138558 949185611
357221 3696881 872213463
764986 6727665 138154825
8053509 8946687 643997432
3677694 4403397 161846458
8797339 9269083 195691193
4435379 5166458 282620110
2011199 3506453 20504287
2194478 6901162 72186991
6268044 8998757 280544738
647461 5700321 738427715
5557958 7079491 864985913
9118563 9575385 175809128
4072849 7675915 390679341
410194 7435661 950065096
7161609 9713012 591509032
3435520 8426033 831547075
6975443 7430781 483011606
1427600 3584976 63299471
7009553 9689701 13827081
339443 5106871 991934913
4925402 9099006 747944236
3312902 9150248 595430595
666719 2891260 126109967
1603271 3281343 833925328
1531413 5502468 164735115
5182712 6248548 949725136
4960194 6837923 611582079
2341868 5835006 603455917
676067 8518594 952378739
3267871 3294285 666120160
1579453 4186427 303303183
6760679 7025368 7665975
8366223 9121663 262023100
2019220 9075245 61799219
3796760 6281250 779870436
3738295 7084908 473378096
470503 7620345 536916564
3874712 5840290 821225755
167929 7164346 167273817
7756002 9146449 613437492
6487777 6506067 458692067
6557554 8374783 129752118
2775578 8073283 693227317
6713224 9484414 101325760
7805984 9352248 619674959
6369375 8195571 748457900
4904491 8695053 496531566
1846237 7971470 119488465
3524162 9817465 562978099
1583241 9862176 105732218
2601997 8198298 367443217
2932819 4383158 971939966
2803514 5017524 728469448
2642593 9449525 239139759
899044 8151752 516091147
4241924 8625117 964602673
1396519 1595931 69234725
2643028 9810774 143197175
942514 7445336 21223128
5721597 8048572 249387049
3991112 8772158 382771117
6335220 7244195 378954451
577347 8295741 958133765
329561 4613125 581374174
6607378 8909346 751735896
2735182 3383558 221401609
1706636 7206031 149421214
5625471 6040104 425007716
4699356 9788293 195908340
2551438 8841981 733984590
3959134 4479823 291398505
3681002 6798770 512707568
9098289 9421156 75788006
889312 4113486 394801732
5319384 8401601 153774049
6457377 8207419 380735250
81370 2645058 504428949
4760317 5214587 689163147
290260 3393855 41578279
6149290 7893672 899386720
6170521 8796854 231106186
2497442 4715965 268763838
2570094 5415692 208524654
793026 7386914 580675367
7532145 8283197 454717908
6615613 7134811 853224469
5168186 9011476 360597517
2931433 8663959 615742090
6293127 9197535 937872320
489076 700223 880336191
2021583 8681136 342045433
4426985 9002916 757445951
5304437 9059236 163926016
4246027 9784381 56240106
6464585 7456414 360794807
5044964 8382394 881157865
2189731 8579547 498616312
88371 4886279 502460978
5000747 5089300 32713114
3248041 6663674 146627018
7001121 9833253 292604080
977585 8556946 218369163
1253893 2980305 790729491
3272631 9637826 842010118
1681931 6391070 47428401
322259 4286997 177142518
298861 6970523 157061948
4406171 7399541 223245398
7555918 9277077 22678582
445336 8892447 201021587
1341749 4805699 241047272
1329052 8368484 532542958
2348712 9972795 402605731
4341903 7124887 562485909
4379779 9769912 956349965
1157280 3795339 270571615
5386781 9213780 64357024
2587504 7518779 193008022
2837772 3243672 742187402
317932 8300723 317277722
1887018 6359495 178768602
7885575 8195844 41607552
1997185 6437398 448253173
1576469 2477655 220826755
1783718 4149496 157539962
7967953 9463975 805598684
5662519 9165165 295252114
347365 9271648 269406604
4028698 4329071 46768653
1200803 9469177 796560137
589058 8484249 252256370
1215094 2581765 235929434
8381684 9294068 930376531
4112806 8238939 397170364
1051226 5313173 23351452
4416923 8673615 128172935
2795653 8235730 27312368
1638263 2537362 723395960
116370 4322723 753596462
2576018 6868734 749906262
6296554 9756269 362216133
4580990 5158887 701096253
3908339 6183575 132620015
5996918 9008710 15287468
4479628 6665157 927426709
2124943 2520316 751968629
8334528 8394247 755859344
2942768 7416097 376282365
1425645 2501575 861971548
1429432 2749982 120415069
7083131 8734619 538765840
118225 7252343 680518200
4881775 7667566 737472218
1178179 5876824 705548719
4660542 9632160 228031806
2807546 6525220 739398489
2379745 7580985 940446484
6698025 8046127 819235141
457855 2054814 948998867
771488 7237230 814959412
5365472 7962674 24316183
1523650 8417781 708111198
2382166 5211391 925769830
7724098 7771818 380229532
2211694 7523648 802973803
3390150 4920817 665801593
1637139 4621333 488891146
5184 1579602 355308232
662595 5094661 750699571
428200 847670 272015107
3875178 5785494 662965134
899766 5554906 78586765
136584 8904283 660905235
612616 7643955 866457291
3588574 4257065 943669856
2993950 5696914 119954002
4157183 9912763 486213491
1402822 7731850 495005776
6500752 8315499 774667298
257579 7684107 947698606
2716245 8658265 282114381
1147568 4056630 824503349
1121845 8502172 463187884
754454 2416227 466578283
1193392 4338804 509472002
1060548 2436818 726977833
4682427 8025684 363189392
22458 8338871 543695008
1285058 6502191 181361031
2377027 4936385 484685645
3528668 5682464 371928546
3484509 3716023 458120032
1484409 3996983 443153476
1434008 6038959 167291047
4063045 6207199 887348858
1263978 4781312 229383426
6062767 6258698 11633501
5112041 7880547 942205033
6275217 6852753 10895122
1347800 9970860 599461458
431994 5565471 819089622
2201176 7197629 69017568
9225350 9255305 416121603
1629143 3701201 610698273
146307 3280811 65238841
6045411 9557924 87837816
6763909 8192132 987534788
516309 1945198 346371158
6005488 8383026 248900280
7046448 8249291 839234269
2771624 5290663 986414819
7966838 8475115 846726871
5456851 7832174 172376840
337185 2512864 249971787
3688868 9322885 592854852
1022534 3610234 622425396
3997965 5253618 863190701
2329936 9593325 919795568
2805262 4389763 926168136
1563791 6523530 327980400
7424999 8565920 896663338
620317 2095421 496535351
2486919 4745834 806237576
737045 3632648 87639021
6793982 8550603 820954510
4515064 4641068 177031788
5791502 9013097 113172813
2384003 5384262 726546469
4287151 9281930 142697540
3533050 6907330 753721987
2304929 6814166 746171954
3195889 7376894 171316624
2879092 4731716 62755279
6175047 7824481 706513788
253512 8531673 745784781
1516392 7026431 242061692
5701664 6850738 866439023
4796918 6900158 120433438
3849878 6379167 14303011
1393136 4031224 92994332
7659785 9676089 539658405
4833801 9538770 871361481
439348 3372764 699097015
729853 9970289 204408690
5261991 7909509 879918701
1923833 3621632 800547973
2687711 8014826 80836795
1539733 6701448 629465312
2349191 9086919 247853837
4650995 7452290 825165178
1749580 9298641 691570728
1303841 8204671 670169601
1175504 1421962 884325328
6084524 8261363 68609982
6107950 8818355 105384762
5743664 5994480 388941349
2455366 5119979 382109180
381786 7785816 690913317
1785044 2308962 326506847
7467269 9246802 37311424
6955798 7966227 398259091
4066784 9385386 985366224
1412731 3113225 363074630
3979363 4964419 910144393
5401187 9387575 545809655
846965 3522409 174107902
6966507 6971680 80256835
1315391 7809595 336401617
1221528 5596296 403293506
650709 7119383 781567850
1783438 2267026 574171878
3061748 6404511 392798896
9704979 9939096 646920683
6519324 7548479 576427314
4347609 6040838 817827477
784117 5802229 390772324
4750577 8144408 339416981
2290842 4592859 935690860
502414 7950763 210604791
2049950 3950521 406018826
615550 3824609 752951656
1053798 8674171 927875279
8058102 8197420 223006166
5513082 8836265 901428850
4336752 5177664 888928031
1422703 7987531 386214210
8574910 9952211 267233092
1563264 4645806 460323934
211 1 2 7 11 14 16 19 21 22 23 24 32 33 35 37 38 40 45 47 49 54 55 57 61 65 69 71 72 73 76 77 78 79 80 81 83 84 89 92 97 98 100 101 106 107 108 113 114 116 118 120 121 122 124 128 129 130 133 134 136 138 139 141 142 143 144 145 151 152 155 158 163 164 166 169 172 173 175 176 177 180 184 188 189 190 194 195 200 201 203 204 206 209 210 211 212 213 214 215 216 217 218 219 220 222 223 224 227 228 230 232 234 236 238 239 240 242 245 246 248 249 250 251 252 253 256 258 259 262 265 268 269 274 278 279 284 285 288 289 290 291 292 293 295 297 298 299 300 302 306 307 308 309 310 311 313 315 316 317 318 320 321 322 323 324 328 332 333 336 337 338 339 341 343 344 350 351 352 353 354 355 356 357 359 362 365 368 376 377 378 379 380 381 382 385 387 388 390 392 395 397 398 399 405 409 410 414 415 416 419 421 
211 3 4 5 6 8 9 10 12 13 15 17 18 20 25 26 27 28 29 30 31 34 36 39 41 42 43 44 46 48 50 51 52 53 56 58 59 60 62 63 64 66 67 68 70 74 75 82 85 86 87 88 90 91 93 94 95 96 99 102 103 104 105 109 110 111 112 115 117 119 123 125 126 127 131 132 135 137 140 146 147 148 149 150 153 154 156 157 159 160 161 162 165 167 168 170 171 174 178 179 181 182 183 185 186 187 191 192 193 196 197 198 199 202 205 207 208 221 225 226 229 231 233 235 237 241 243 244 247 254 255 257 260 261 263 264 266 267 270 271 272 273 275 276 277 280 281 282 283 286 287 294 296 301 303 304 305 312 314 319 325 326 327 329 330 331 334 335 340 342 345 346 347 348 349 358 360 361 363 364 366 367 369 370 371 372 373 374 375 383 384 386 389 391 393 394 396 400 401 402 403 404 406 407 408 411 412 413 417 418 420 422 
412 2
218399 1010369 665132064
5515609 5823265 30453630
2909938 5997928 273924239
6853438 8584808 623885040
7498900 8813970 487819214
506748 1197968 245919106
172826 3501385 740625169
823959 7325701 945083613
6169446 7924297 779348045
1138698 5026339 571262544
4137234 8364137 600822936
193169 4888212 294913727
1714123 4133695 874491779
4752445 6015271 577899842
3534216 3955911 999726632
5107883 8693707 29618732
3404954 8473270 705344176
7375363 8064141 48798305
1348650 3913225 202954825
3848246 7315154 13045897
3303377 8130129 527063372
980002 3946085 980580654
1628400 6349175 338381437
8309985 9805366 871763826
4221231 5417387 402231182
1739728 9723014 894876834
429865 936186 89680745
511045 6754475 665266612
4155690 8840057 251453115
7529878 9091240 848604541
1994649 5711737 819789384
407201 7383558 44534024
2123753 9926784 24113724
9904782 9993717 783507954
3293805 7025373 517986263
1407900 9635253 131926554
670041 7940268 472033040
881920 2345098 366418056
1069774 5469507 470335791
1895750 3524515 30225797
9050 6680477 455449161
1447485 7551997 906171932
2944030 5647952 139888994
1812912 3809352 280430257
8799201 9000897 977014553
1342169 2523119 931865854
3688252 4627496 631630012
4756286 5788637 615453595
5061530 6136959 591063719
1529740 8406974 918569470
4615995 6574973 807602800
2565643 8428291 186783003
3116045 7267951 669800093
6358527 9477061 798683869
7436061 8259264 623658173
674659 2086648 836196037
2538151 9916784 436594218
2225620 3336176 149283137
699088 9718549 393987750
133521 8687841 551758085
5793322 7906787 73065922
125588 5671129 535567680
1766192 5100272 996887348
2816298 3178418 569333592
4881324 6512189 209911688
903630 7440024 203285722
3908468 7901864 884671123
3561453 9139027 557808406
1381047 5153465 75366954
497880 2342097 425027966
3421913 9349626 909050027
2916750 7888507 236062750
3049093 9295548 915120019
4198006 7808042 115428137
2861920 5942958 499197296
4153828 5340711 16696275
1141761 4298806 283259842
1714670 3748726 242929581
5394159 6474157 230743716
213041 2938329 853762062
3932402 8923001 229186849
6125275 7410318 948720324
4763696 8492991 122566039
6638884 7430832 726326305
372788 1561596 955807747
3345603 7315151 715580344
1260264 7869845 69645584
429959 7187186 660768258
3779832 9418619 204519836
1244319 5357993 243311909
7888166 8343567 576876533
1771173 7578156 410516041
4545627 8188560 15487379
2282728 3378917 727102226
1445612 2494047 321840102
2508418 7587748 919614317
2407928 2479446 297416415
1110721 3954079 86033115
6240521 7997217 463519517
3231118 4300600 602214439
2657485 6683074 968148593
250301 4858073 231155663
1862983 3592460 416799015
5429944 5927014 223093282
137828 9643078 883733382
4363760 7614382 484676693
2726182 6553609 992284882
3727698 9743996 221985140
7034946 7240703 584699536
3023825 7818042 975264816
7028540 9260926 100137083
7918198 9184794 569533765
246609 2568681 87078741
3718252 9119138 604646940
3953570 7331994 109542859
3937978 5379830 674177460
2323221 9352293 443549938
3970068 4033581 470911530
3761554 5299428 209931422
1527184 7539173 50389634
956670 7771991 142753554
533159 2026264 414111020
1328691 6910534 394574960
3647921 7437920 615490174
392724 4114643 400107774
4726897 6151427 930099560
4793752 8558940 140633554
2409794 9735907 931872544
5667668 5680731 424132027
905797 6402351 599372847
4690557 8714255 424456733
3175595 8113774 980217609
576987 3026348 552888949
8251987 8723327 552637859
5878841 9134364 733168066
5453739 7147793 973384032
1504376 9991974 547642589
3892477 7519016 395360612
1126647 9923606 446663420
672345 4211256 920061669
286381 5312210 955693794
4511711 5804105 283225449
5224416 9267370 522745770
2251789 7687983 535619004
5115364 6522222 288998918
3235558 9638845 413938935
682140 8449653 280510163
2746130 9625543 140674536
2030094 2996152 339277902
95363 2960328 238145970
3823470 7865704 41555527
7010807 7314288 758514929
8476459 8571790 283059142
2504509 8040831 193680710
7081487 7985508 917663673
3199943 8983598 707601588
5838088 9632421 740666431
5077072 6090177 273297339
2654538 8076274 9807952
2906711 8984333 288775918
920726 5300787 313625874
1231960 5550748 449988922
5616764 6519546 673978583
5480515 6004861 110769047
5349740 6117372 226418467
74290 3223444 887790916
7925521 8599013 247625621
1398901 8680074 938802229
5519436 5809442 609724611
8500553 9462202 402353322
1531550 6003613 882037217
3694715 5043405 391877352
1226976 2765911 135262926
3705694 9491501 857525414
1757603 4098891 481439175
2003046 6663748 298762567
4175059 9042231 144306599
2272999 7062120 387493245
8133569 8776898 613072152
574780 6750315 874043963
8157226 9593818 890870257
1535456 8962771 841442646
2472038 8319990 546153119
2111358 6696688 121039630
6191531 6352646 280233749
7045297 8963892 45119869
7813405 8008704 404392969
3573097 4127185 422251114
1643068 7081266 978115547
3777003 7012247 764680206
5494801 7553115 673979083
357552 7067280 856171993
5564512 7466697 704370594
1882007 7356686 362141447
6480044 9894820 721598437
192386 4352958 858619283
1343064 8323950 634303869
2551725 9663647 758779715
509821 6823512 538380332
7185029 8766619 204041161
8482872 8528895 134266022
548429 5726302 765211139
4409084 8951407 287314825
1036084 7947852 778878477
1753071 8888871 482642432
1287866 3039005 46119494
2097139 4201730 575990443
5066617 5126183 370412854
5376897 5482232 115980977
1080083 8468213 178333314
6585016 9289009 429964603
461077 8602685 166240077
1385687 8270819 531421824
3310015 4318673 569440123
1005880 9239769 101877052
4623023 5192550 993343223
2757894 4616626 754357071
4115184 9009885 130708701
1524266 6363823 869863966
5331307 9925545 838141196
5963870 8855088 742270972
5463344 8938644 952753670
3799901 8841424 552187784
1557289 2892807 860632236
587896 4175974 541622596
3875142 9317921 151384242
957274 6836130 214143808
2181705 3503754 472764918
276059 3305082 171197278
832987 7582661 255027358
1544055 4407169 220570765
921650 9243106 252565386
2007240 7356387 793288598
2532293 7035257 151115444
1442805 5844675 385281084
656293 3855968 747740980
4267050 6375859 268765661
4276521 9997180 728029527
3345176 8537709 113155824
3279931 9884468 504187802
1153141 8497085 156886385
856167 3153242 457089685
8106534 8803453 600985005
6224458 8763124 423467503
3762280 6459736 839328359
956027 8516198 273591740
4785539 5618546 377713758
2835702 9560751 189170827
1069490 3270577 455006334
1452581 9185828 179408405
4325784 5673107 798459089
8110567 9180520 883368386
6769134 6909622 917873943
6703089 9846450 565314652
1683907 8487992 884518591
8703243 9777698 401557027
3039949 9631108 296985137
3476220 9359780 749878339
1580094 9230602 319425683
2002019 6230222 809439217
5295379 5955638 305818255
5828261 9093203 447617510
4323873 6886335 658021841
6364251 7561881 928556017
5385302 6606066 218582056
1057537 8180576 628292195
1136788 2121771 483261800
2936646 9467690 273720154
5919388 9277799 623494740
7930781 8212297 311344160
1461690 5369336 359580477
1483979 9902572 388897777
426776 3009946 636696729
718971 759111 687888929
5952231 7053793 978690927
3737917 6575093 626504294
501693 7451946 835009630
849968 7957316 499073516
3702215 3954833 983471014
3397642 4737720 401513576
3599636 7585793 326124489
2772896 4829800 980312101
394328 1881788 504321177
5121813 8656597 661870419
2873108 6082568 481887800
2916919 8146656 406017991
284776 702120 454743673
3042256 8239037 86983091
1326434 7576187 559835130
656753 6572594 121885985
9262449 9673298 692682027
3318077 4757274 804443291
3063235 8089754 232444478
1091679 4276924 240468924
521697 8615726 228118223
1992458 4542694 409040505
2266772 9227215 564210876
4021254 7480583 630269873
1482167 3842165 7870542
763254 6346357 965966463
591678 7092375 859597078
3350110 6820160 133314931
14571 4522589 154215710
666997 8603474 438276510
3814299 8279298 197193905
3155231 6343425 105127767
3195 3600308 836601112
5194695 9018598 505518073
594194 1828797 531043605
910841 5122824 98956089
975533 5846463 313456751
3133863 7424572 176898511
2457697 3101890 396296273
2544801 5232227 24770538
2423117 5219002 61738392
3563429 4483978 797124902
3514947 8533140 47464993
6421479 8516802 681836664
6055574 6425418 960626506
4931476 5275985 427376140
5844639 5981643 216776826
958 911705 776778848
2048283 9754642 872705456
141791 6455782 235477158
4958547 7534011 896818939
4950445 5494350 351804774
517449 518180 599716454
5301734 9766891 531490528
307594 3114172 672325112
2048103 9816846 221976047
2336068 5176533 246992066
1650409 4691386 573296429
3798531 4223865 209767478
6997635 7334603 745601003
2584139 7113629 217334314
2446244 6803271 865967786
1409989 6302048 364944638
7923977 9443387 898352972
2621787 6642515 751971401
4077728 8373096 548319202
4110027 4112935 630974332
625761 9914072 328948069
2739334 7150520 350634282
7130968 8961165 229539692
3214441 9126483 596113195
1602221 6443183 792098901
4237403 5298559 281481362
2768102 5960288 184484218
2136696 7266726 129610085
2238636 5994042 139164421
2918705 9514834 310978874
342737 2083102 386830517
728649 4085023 164450240
1102561 3964895 776143818
5522480 7132814 501237292
1118617 2584461 723856911
2390338 3079733 646981127
7460482 8280341 219775025
7270146 9197260 223543836
823656 2040866 25875324
229128 1107899 392985041
1642710 4633645 897356538
2848457 3111880 117530814
1727350 3800354 255047391
2018338 6553730 768437785
2601216 6426835 222874069
7757210 8903811 527758150
7527679 9740858 660072837
6798998 7905629 205600982
6121284 6566881 333548742
295345 1745743 661716278
8151775 9914991 368412988
826210 1167689 172660511
6340515 8545901 727589316
1344746 2198815 463180345
3448721 4359206 556930924
5155106 6841852 574861292
4784400 8709605 747355700
7438766 8195615 942110267
1000348 8075750 797583166
3942504 5066284 500846544
284015 9449003 928749356
1786443 6213124 996261336
6627393 8601224 131322882
1773167 4945630 335931647
236102 7360726 17406290
3641531 5768211 59556258
857784 3636007 80217818
9255194 9727024 172834398
857999 5968181 143182948
3952622 8197033 760294641
6197865 7318505 708033398
4172939 5839629 775327605
7256611 8298079 634195185
31066 9815348 941038590
386403 2348418 985998931
780717 5108609 830578858
1385650 9698400 14215423
4777223 6100716 717755195
7931504 9548907 299832080
2004375 8636357 610673449
7500768 9001576 454503219
2905131 7993354 617072882
8226349 9911661 297317843
9319856 9996092 134281980
6115369 6938998 504130445
5289575 8261407 459652640
5312588 6043377 705601713
2814462 9021417 884803570
914978 6374057 137778214
2520190 5788143 55210766
1381350 6459537 525916836
197 2 3 4 5 9 10 14 16 19 21 26 28 29 34 40 44 45 48 49 51 53 54 58 60 61 62 64 65 66 67 71 72 74 76 77 78 84 88 91 94 95 96 98 99 100 101 103 104 105 106 110 111 112 115 117 118 123 127 128 134 135 136 139 142 146 147 148 149 150 155 156 157 158 161 163 165 167 172 173 174 175 176 177 179 185 187 190 191 198 199 202 204 205 206 207 210 211 213 214 215 216 217 219 224 226 227 231 233 234 235 239 241 244 245 246 254 255 256 259 260 261 262 263 264 265 266 267 268 270 272 273 275 279 280 281 284 285 287 288 289 292 294 296 301 302 303 305 307 309 313 316 320 322 325 327 328 330 332 334 335 338 340 341 344 348 351 352 353 356 358 360 361 365 368 370 373 376 378 379 380 383 384 385 391 392 393 394 395 396 398 401 405 406 407 408 409 410 
215 1 6 7 8 11 12 13 15 17 18 20 22 23 24 25 27 30 31 32 33 35 36 37 38 39 41 42 43 46 47 50 52 55 56 57 59 63 68 69 70 73 75 79 80 81 82 83 85 86 87 89 90 92 93 97 102 107 108 109 113 114 116 119 120 121 122 124 125 126 129 130 131 132 133 137 138 140 141 143 144 145 151 152 153 154 159 160 162 164 166 168 169 170 171 178 180 181 182 183 184 186 188 189 192 193 194 195 196 197 200 201 203 208 209 212 218 220 221 222 223 225 228 229 230 232 236 237 238 240 242 243 247 248 249 250 251 252 253 257 258 269 271 274 276 277 278 282 283 286 290 291 293 295 297 298 299 300 304 306 308 310 311 312 314 315 317 318 319 321 323 324 326 329 331 333 336 337 339 342 343 345 346 347 349 350 354 355 357 359 362 363 364 366 367 369 371 372 374 375 377 381 382 386 387 388 389 390 397 399 400 402 403 404 411 412 
612 2
6419114 7592523 109550284
8143264 8771941 108313509
3579791 4072172 57093387
2818133 4684265 800583641
1097724 9737906 945752120
6420658 9462896 286998508
1650273 8877126 234567375
4480619 7208080 177650529
215386 5729824 472490529
2551474 5138931 815098871
2344362 4942838 294102587
4212043 6337568 744161143
1972312 9408457 708381585
684924 9904176 69517270
7031382 9572328 709523086
6349987 9075662 655185895
1343832 9712659 213697727
1465844 9227926 608855810
797844 5313383 995513199
2705518 7507102 8093402
3199916 8206639 924540274
2222683 4992378 347773763
5434824 7687221 761158026
3927714 5561563 219372332
6490465 8037217 813270086
1088143 7257702 259223799
5165431 7742915 385179225
4587159 6970911 182344358
156291 7933621 659786696
3917036 7257769 115934807
5625364 7228512 131774227
65480 2002657 983629559
2729167 6735995 351745019
652750 2339214 856824928
818428 6741542 237368475
3090643 3996768 506074831
2069409 7415169 152092188
2996279 7230418 302122345
1181462 3364801 681530213
984745 5196744 587859021
1956802 7026261 31734296
9809632 9894460 256522833
3136340 9103280 908270054
1943302 5243598 719323792
2261233 9143343 194760491
3742906 6592012 639859582
3461202 4934910 546082772
2123547 9675355 738983713
2214660 4730937 204278632
7362985 9167489 100325673
1723712 3123759 995197893
2022164 4381225 744892701
2556955 8992926 885195572
2545542 3978067 88203633
3065824 3733141 32808555
2514640 5997723 255014258
2998579 5899409 63167634
6335180 9508028 455626553
6761169 7869984 522705591
3707630 4736716 879424432
5844076 8454601 327123166
7396894 7670075 13297731
1450177 2254952 204726601
1765097 4122195 549057237
4390189 9205131 846581460
6395189 9700931 314459318
2267152 2863961 860472118
1170228 5819547 91419795
1317398 7703113 915772691
1575486 6203990 593253714
2361043 6867114 228536607
5942952 6913337 782881026
3984153 5526667 247459933
1287165 6246835 226626993
4978409 5378411 277652108
2355912 4259212 143000003
3438447 7026642 159620340
1713118 2746630 321668133
1536126 5656023 463741856
5966994 7091369 919285584
8334230 8998782 419236027
1156760 9420591 336644279
5966808 8120517 498176835
8775870 9292408 385524090
8554076 8905498 317884764
1123718 8750374 974258857
4235864 5669590 117267456
5999378 8751581 132174805
9152426 9314421 7796399
595911 7669797 548799780
203304 2944260 447847332
230995 7245549 897399514
5608837 6103875 837229571
1062410 4549035 938696634
1552527 4330485 683956029
4523746 9807624 193481789
528825 1156049 939170172
1595376 2405171 657509528
5515254 9530953 64227168
797091 9735983 517936634
2580848 8023270 567796173
9284601 9472767 272747886
4533940 9664132 447779237
2230358 8476411 172399820
3545033 4813912 740823847
5775659 9573680 872317297
2018246 2934113 383689459
9500000 9593023 340923402
312778 346479 860489477
3318733 5828310 995118831
2967591 7321812 582153536
3993725 7838016 854969015
4200833 4816006 659981193
95014 3778629 505863559
3674148 4625439 661197299
12458 7007611 430983858
8315558 9478990 270952197
575366 8069555 204114814
126494 5990905 495807668
1679413 7471068 257286333
4472189 6063336 183950362
1202995 9196235 378536461
2902972 3720250 944064440
1348610 8010218 986843021
3635270 5902947 302656431
4292199 7318109 263399975
2366172 2500862 206606522
79133 8084029 322520796
4798690 4995693 216587078
2540791 4102061 215746639
3826127 9916031 231651284
805419 4631067 952560943
6169709 8559323 230637824
814547 6082031 277207942
3145870 8046807 109276115
2611471 8707641 777697751
2898260 4302678 343333770
5684430 7436332 270994107
1053948 3338813 132268296
1558391 2605659 282452216
2361636 3686291 11175536
6986420 8918006 501118467
1245554 1334065 983809859
6137215 8074604 328645965
3339341 5388224 938458662
2536111 3190208 26997384
3820441 5462024 912526673
54512 7546204 94581560
493557 9712067 957485533
4785340 6595755 708155468
254300 475427 726354439
6537292 7134989 924372350
433795 4248263 552019934
1758665 3770964 977399304
5619995 8487378 355678691
9494063 9748058 435196640
1760910 7485400 387545821
1368040 7778481 20461314
1634266 4471687 167233014
7651908 8647813 353540521
983384 5630136 185121859
330198 6176035 159023469
1427185 9620643 644878933
1078316 8721348 575130122
2556147 6058821 421168166
4627292 9452277 195328274
1509375 1847557 490171027
775973 3420658 110800605
3210805 7465821 126272133
1168871 7147301 577323681
3247210 7236827 875910450
8597109 8696526 489690103
3691137 8220878 700268193
1113320 8894027 457089744
4027442 5007288 148009206
7565077 9320936 539104337
2770287 5874857 978342298
527495 8075662 651446437
7277648 7930732 465196460
4770610 5840608 268864325
691660 1878744 162616220
5014803 5021868 327009427
4303874 5234289 724373185
1604856 2923691 905078066
264496 1436157 223196388
7009380 9092125 7149684
2816503 5458128 728437513
1645096 6391999 34573251
871156 6963793 359587154
108725 6243029 667484153
5361977 6276986 154547314
2882728 9163653 35701775
7214909 9133644 221192266
878254 9016079 584990216
6466076 9366928 251195625
3974161 6968357 793269881
8211141 8458948 44075420
1341048 8737383 881702988
1249777 8922164 191536692
5723023 9495702 721674753
2896779 7931641 390392262
8759089 8848112 920092228
3656770 7081415 723010295
7184986 7227293 755489440
925985 6356912 929427826
1900955 4861495 163255381
109505 6217774 37784459
4501455 4551713 367686555
104643 5758801 747856447
6837733 7946766 563445137
668829 4386862 93188073
4336458 5759187 981426159
3059916 7958865 17850035
1355896 9289577 772991861
707709 2935139 41873346
3381982 8983606 231781634
5009495 6575250 14908303
2373461 2572682 55404836
1055957 5386277 607689953
3453428 9703208 380537741
3118119 9567578 604136988
2042614 8036200 812040023
5525484 7496309 701267406
1277167 9635834 417024815
2962609 6566619 204777541
7593528 8527280 418779942
9043323 9533675 746169224
9099713 9743120 306461550
4287226 9699178 542053753
7802253 8646188 199351248
3871670 8194139 757518813
1582880 7556918 529738492
538704 9085202 312853971
1687889 3615704 740678701
4626865 5142521 639782364
2504359 7505007 345349429
7969345 8695677 565839913
101529 5196375 120507488
204231 9145092 576311950
4478118 4513594 95477968
8727053 9299216 869005361
2572980 9988836 798537786
1507603 7673870 785406151
4544385 9041980 704389055
3099440 8642109 382626757
340075 9633703 923757266
6741275 9321827 515350678
5289819 8648633 235969240
4284402 8908722 455286575
8593310 9661802 182348273
3401865 8426396 170643397
7367188 7978658 171921958
5704111 6443256 737670812
6399349 8139366 637553503
2583868 3357538 707611067
1138441 8821607 435308345
1150347 5142499 321864842
664747 6183815 835653312
3968196 9944623 748435619
6246676 7530814 411982530
2385195 8211016 111427482
2404231 8855605 373953870
2301337 3379418 5151073
1102877 5611361 429400102
1300 4453408 890031244
3869493 4102178 694895313
1640646 4972266 264291569
1554614 4253467 621482290
968630 9791337 316141199
210154 638454 213238326
5778455 6556954 354200551
1452441 2685760 257797020
4077838 9005822 797329861
1731039 4982446 538870185
1223350 7231924 691368399
2930151 3317753 872561727
7588140 9748480 559715250
8353264 8443108 350270055
5322555 5894513 33186189
351139 467854 819397699
12995 2257680 460806434
4299438 5147733 546960469
458756 6827982 57946190
2197547 6587326 350008345
520133 6364845 191915125
2810606 7238631 32802138
1973255 3900554 911676246
8838238 9015789 521532279
442927 7551480 534216720
3573771 5289862 142018476
3005800 7412582 309030330
2634347 6894296 346591674
4484749 8525396 204725142
2031222 6353899 781624474
2740291 7925819 743928364
2928928 4064227 690840235
7332675 9695170 232831528
6146038 8916438 683444577
6761638 8932493 943280117
4659208 8778928 319825315
4250672 9548469 845385453
3080307 7942529 370584660
811584 1746479 198494108
712810 1081435 544094901
1113848 8008358 430581254
6902506 7400707 602496063
5448903 6709973 391028672
4846839 6075130 578316184
1368666 2006671 514419405
4585587 5501044 259198358
8581079 9950112 210850230
6123478 7060445 595106032
2757418 8539980 999973334
1958765 4335585 85307741
3133976 5629658 981668084
3220356 9036352 372486837
4273950 8043181 39400317
4163877 5870739 53734475
1573190 3958616 183806873
2996008 8707739 812147811
7990157 8998250 177610316
1696327 6524002 753395543
7740222 8323100 475661231
6144076 8973842 779946035
4102543 5131299 758592237
6745780 7856956 182604254
3348739 8511844 552268070
2484885 2612279 465177734
2628420 8096368 463091367
8055115 9690998 455161957
6637080 6640959 937097158
912305 2514183 362033471
2529415 7105312 970749024
2058721 6770779 346778673
6730068 9474289 746198802
120762 7372828 375721890
6390076 9846609 776745892
381200 9599805 873741989
7304586 9843945 582069628
595084 1641584 196646831
1998343 2213174 724888135
2495055 8038766 426618388
1719535 6185562 80083408
2943701 6722519 925449118
2510346 8682754 571777446
2089562 4068634 916107459
1436134 9555333 312282424
7841978 9791316 887995389
1145796 7241669 761660779
1223693 1315998 988843400
5274759 5896338 347280138
3643249 7244623 349044344
316993 4106476 152622612
1673258 6034255 779016070
5192593 7363559 799106579
7112387 8044982 157174355
218802 9230343 496996769
196679 1515736 505803223
1038519 7794520 338442951
8166692 8838752 655840225
3811722 6718396 25203059
3911703 7768850 76838515
757782 9778443 267295667
820635 3545400 669742634
212133 3150432 700503177
360636 1237661 440174875
1234171 6135426 807732189
1276284 5682157 419480718
5451112 6204461 773597387
6104939 9780679 70099818
2238661 5237607 326681293
3988747 5409833 379836119
1014969 1864154 119097771
4093751 8765660 676983551
2977326 3422637 20394785
6066026 9728420 848106794
1620860 9973912 939925551
5026954 5357893 300757821
5840276 8541358 622512382
4592529 8828953 707728267
299525 425262 765199752
2347349 4167313 929202240
711352 4224910 926016023
2138188 9139513 847714276
6140905 6144239 443207907
2806 5839359 188145380
7711974 9160749 188030672
5569098 6052403 367223363
7589634 9280084 248725683
3559818 9266061 734497265
7073666 7506630 257697901
1647905 3922423 674941965
4036821 9226953 396885967
147505 1830899 653489160
758700 9022248 803297421
6478659 7019403 373536487
1726272 4534344 388378889
1920172 2486093 515804994
286519 8779503 612011842
6408232 7003715 950252248
3911126 7281573 216795970
2964695 9605674 38338150
544306 1376087 168248675
3316332 6276199 482927340
3193175 6435166 236861739
2929883 3158704 259416907
7715650 8839013 868362492
58553 9374529 376672853
240254 764068 965009496
3373252 8025219 381365475
3700582 5900707 733840064
3185719 9459021 891760802
853471 3045861 397763281
7794555 9089926 128118611
516583 5084066 12448285
284704 4394260 794488107
3743292 7070216 629645875
3783009 8977870 717584176
4366380 8860923 574648026
4652998 8040744 387470720
3030322 3043701 223762566
2747494 8817540 365239467
5230395 6957333 3354799
3270663 6320159 963948513
7016563 9938967 524797720
2643759 5860733 91701544
2375321 5647518 624157289
2659668 7316056 332944893
6419527 8076598 721449770
5996063 6977041 476289857
3474260 6533634 589988950
7166564 9178313 804973523
4028919 8772903 942991857
1460521 4225971 183643636
3328420 9827286 380373652
6674408 6762987 46255431
648273 3994675 830087175
6486957 8860499 135428060
2288119 9209935 217338247
2727673 7701591 852853635
7856673 8483026 65086297
1242420 5324266 874272560
5972221 6866486 193309899
1841636 6151182 473291871
44478 8229589 751074124
445524 4092415 462744739
3585314 6089300 846816467
159617 5337248 652549898
4073939 8505012 259104171
9216916 9985259 902823856
324737 9438816 836245216
3640605 4273274 823414736
24885 6641248 81561584
768366 8645906 96094220
6732830 8049620 422738029
5565396 6773284 37402630
6711442 8583214 700607804
1685980 5245156 207482457
3263611 4503405 699610435
2329147 6652561 217057428
1755934 6285740 708536733
3621285 5306775 78247170
1560350 4166907 620076959
5431218 9595173 787215966
7376448 7423740 426114839
4714049 5952241 548271157
5378211 7618788 506457317
6204103 7227771 158780451
2298367 9299324 686117314
7047640 8195669 627675893
2770755 7983590 9993486
301919 7272095 26673020
5364694 5376996 861636507
2009821 6922490 820712184
6489158 8563808 231626106
600852 3851968 117226010
3646214 7675268 543924806
7166107 8059141 731525898
1693696 1840936 431943501
6300626 9967729 218915565
7357759 9817670 306658215
2214730 4316762 272811332
9066361 9276011 197489314
5849130 9073657 570482749
5319487 9932391 590539411
4209501 6203956 527163020
4196703 6189498 948470642
2086846 3559459 138112000
4081164 7393075 102586117
639150 2347193 414844531
406800 2005075 950057008
3112964 4006418 606724090
142674 9666735 969035620
649538 4643910 77265341
3729319 7626226 478340728
1992133 7572728 113995397
4054466 8453993 575365104
6112233 7477582 100306071
523458 9991287 69238421
2455537 9749882 886131863
1257293 1269853 619170802
2580022 6270716 95820282
2500990 7300640 346291703
6612258 9764010 730516684
2674271 7637345 173706283
9509782 9826942 997587406
375736 1990441 753213209
3177976 7507960 451421816
241569 4209008 511822157
790322 7373259 804219308
4169827 6198977 347233862
5009940 9337708 481049810
314150 2176869 587225504
6274916 8401730 478664625
2750988 3756915 132949182
1627179 4758943 758884015
102208 2022405 850262340
5693687 8960441 77741087
680792 4369279 750479453
3606286 4063099 903502601
5136736 8797457 828824482
215671 3964285 506677984
4389449 8223242 302576487
5616019 6376620 484865284
269646 3739174 848121500
8033178 8912075 558311790
6466399 7181019 540744485
5283390 5436027 564982110
1150806 7308081 465600862
2445025 8024982 105743447
4988564 7674966 713712839
1492548 2240195 801451334
149072 7251422 100586450
7856398 8588493 868223255
6599634 9174575 406073005
581354 3153929 232509681
6801372 8308248 128605874
2110412 5520930 231375399
1584765 4119249 492334119
1271325 9453482 712670279
4317734 8673592 347232557
2377642 6455663 230637446
3903476 5600550 310147953
9045846 9350026 708596048
948179 2249227 163339008
988775 6606472 504307908
7801669 7950500 621253942
4459849 6247793 274749512
8351025 8906182 795786460
1173636 2186636 557147013
168135 8905470 677429064
6061623 7616592 542498881
7635213 8026793 385598949
5740163 9495211 376484007
3323743 7089984 860577216
4410139 6575032 171336234
8185852 8482979 973301640
2831 8367446 705656270
2771643 7170517 696274203
3023471 6381500 251908113
3899182 5603130 812643912
5250458 6336213 877565506
53502 5758334 676763920
8774015 9784132 126986502
7956145 7983754 574602187
336317 4511761 700451135
8480401 9152818 485003274
7832714 8514962 31984008
1983408 2627902 526820876
4438208 7529279 530209280
5046618 7559777 244753719
2772412 2952056 433088156
524862 928208 606414038
4397330 8104937 750863409
5755048 6939716 746060879
1002928 9724188 87031847
2301179 7810105 902916965
2158541 6371521 519631451
1800697 7905144 84043810
1312158 7739036 85287397
5830 1727431 73661231
517777 4264014 645861512
849564 4126960 161082296
4185547 5478014 457968288
1926098 9686653 433228759
4604936 7692930 348638531
1236657 6871047 451133233
877046 8263077 260916581
1884296 8494265 565038433
3421914 4017205 162292726
3875709 4482802 833326181
1394390 9968836 62777463
2197790 8968696 993788826
5153277 8603629 414322325
4879412 7432392 536233539
836317 7741517 222756473
2516345 6022186 733375085
1725082 8025648 56514879
722502 2434737 620852754
2459698 4328144 551094093
33296 5435591 133327298
4995791 5193012 661529612
4253877 6347687 56195510
8845891 9416763 551104874
5284038 9759259 500786597
3525159 5713641 64153851
7831227 9093301 608240542
7453720 9475035 269959872
8453751 9321961 661690761
6546075 8895871 235616825
8967514 9717978 172116675
3941916 6914093 161669727
301 3 10 11 12 14 16 21 25 27 28 29 34 37 38 39 41 43 44 47 48 51 55 64 65 66 67 68 69 71 73 74 76 78 79 80 81 86 87 88 90 91 92 95 96 103 105 109 110 111 114 117 118 119 120 122 124 125 126 129 131 133 134 136 138 139 141 144 146 149 150 151 153 154 155 158 161 166 169 172 173 175 176 179 180 182 183 186 187 192 195 196 199 201 205 206 207 209 213 214 219 220 221 223 224 227 229 233 237 238 239 243 245 246 248 250 256 260 261 264 265 266 268 269 270 272 274 276 278 279 280 281 282 285 286 287 288 289 290 291 293 294 295 298 300 303 304 306 307 310 315 319 322 323 325 327 328 329 335 336 338 341 343 345 346 348 350 352 353 354 355 356 360 362 363 364 365 368 370 372 373 374 375 376 377 379 381 384 386 388 390 396 403 406 407 414 417 420 421 422 423 427 428 430 431 434 436 438 441 445 447 451 452 453 455 459 462 465 468 469 470 471 472 473 477 478 479 481 482 484 485 486 487 488 492 493 495 496 497 501 502 503 505 506 507 510 511 512 514 517 518 520 522 523 528 530 531 533 536 538 539 541 542 543 549 552 553 554 555 557 558 560 561 562 563 565 568 569 571 572 573 577 579 580 581 582 583 585 586 589 594 596 597 598 599 602 603 606 607 608 610 611 
311 1 2 4 5 6 7 8 9 13 15 17 18 19 20 22 23 24 26 30 31 32 33 35 36 40 42 45 46 49 50 52 53 54 56 57 58 59 60 61 62 63 70 72 75 77 82 83 84 85 89 93 94 97 98 99 100 101 102 104 106 107 108 112 113 115 116 121 123 127 128 130 132 135 137 140 142 143 145 147 148 152 156 157 159 160 162 163 164 165 167 168 170 171 174 177 178 181 184 185 188 189 190 191 193 194 197 198 200 202 203 204 208 210 211 212 215 216 217 218 222 225 226 228 230 231 232 234 235 236 240 241 242 244 247 249 251 252 253 254 255 257 258 259 262 263 267 271 273 275 277 283 284 292 296 297 299 301 302 305 308 309 311 312 313 314 316 317 318 320 321 324 326 330 331 332 333 334 337 339 340 342 344 347 349 351 357 358 359 361 366 367 369 371 378 380 382 383 385 387 389 391 392 393 394 395 397 398 399 400 401 402 404 405 408 409 410 411 412 413 415 416 418 419 424 425 426 429 432 433 435 437 439 440 442 443 444 446 448 449 450 454 456 457 458 460 461 463 464 466 467 474 475 476 480 483 489 490 491 494 498 499 500 504 508 509 513 515 516 519 521 524 525 526 527 529 532 534 535 537 540 544 545 546 547 548 550 551 556 559 564 566 567 570 574 575 576 578 584 587 588 590 591 592 593 595 600 601 604 605 609 612 
363 2
2282552 8807366 344551117
4247180 8286957 622422608
483594 1393574 494389007
1369240 5183847 296505057
123276 4653467 38190229
2899008 3598408 188051733
9172926 9938817 954390527
6730102 9951714 929932674
1642564 8382912 891719106
5771090 8219568 126723064
4161677 4196586 111012271
1908487 9716734 661160054
6205667 9188666 905321249
8945515 9134930 359760588
673962 2555006 29661548
2419391 3186435 191775972
4096222 4259110 44194491
4028315 6444605 414973390
1649221 4959988 318991406
3830800 8852355 902995306
77192 382116 492054185
9310579 9374922 212115587
5399433 9861185 18942424
1150534 2158551 94007626
4128631 5134989 143027725
5221074 8066458 938638849
8105466 9299829 729127464
421764 3521159 603396420
5243395 5951056 817342628
4584304 9822329 184093687
1468371 3499154 433136010
730321 8340514 227567470
1677980 6178223 410993549
6209099 6782741 375265822
3610977 7390795 495015658
1343671 3318602 380995868
3846228 8967521 91901914
885083 3770971 743110292
988484 4991212 764568632
1528021 5049892 651677326
3491041 7834048 122686970
7814252 8278028 991512860
1981327 8552871 306107549
2353322 5798788 857984175
22453 1778748 576068292
5093825 6567706 7167865
1765708 8659772 104777919
943930 5578403 409603163
1188439 3710856 549452946
1023053 8297265 341537502
2207701 9009999 689531195
3913849 6587285 799776622
5717262 7175426 969965849
4865313 9900059 115198950
7970221 8030552 86428311
603747 2561176 771179952
3502835 5707818 440512239
7901292 8800722 175100089
373845 5222705 256188964
853517 4176930 240542100
8350861 9808799 139042152
1413936 7957035 668363008
469381 3986086 403799056
7081838 9030976 837669629
7359122 7908883 588971684
1282530 2688300 567483866
3779657 9978299 199508254
3443458 8971473 760751505
52449 3304070 420196722
4537450 7117555 412793511
2461387 6534813 357786602
2317698 7377949 415108213
280498 3915246 956431951
2164533 3145674 854473055
4302555 7757503 792384575
461434 5182794 508343578
9576984 9693947 431403835
3195454 8827654 447047134
6408928 9764787 792362968
3936309 4877909 411522061
3105439 7326502 853605480
8713912 9745320 367402527
2365632 7324417 655325784
7776909 8200340 453451882
6893525 9470498 674037316
1724300 9917098 782465990
2035522 4747137 1193517
7074747 7549974 805722914
6906795 8430789 105301435
489292 6834098 47297179
1110027 6687565 545932441
6246406 9727505 840655511
2691521 9384788 809187053
1513625 3357042 817916404
1642706 2317630 922362279
49162 7417431 347612057
1410287 5504280 773274794
401310 6413200 285636354
3543461 5182854 93810413
869541 9667865 86741963
4818406 9844074 883636071
7541077 7673741 656902513
2855026 9052572 520537294
3456297 9993973 673496098
5649330 9740286 962605747
4998656 6952609 251107602
7535916 9926248 536631916
883235 9140382 456137962
1839295 9410293 899590084
4450551 9738637 400127900
2248551 3648546 674456868
211428 8798371 711397605
1986640 3532906 88523278
7838752 9166394 269675340
5560991 7441526 329390161
2149680 6964228 674460579
69999 7248073 802110235
2175770 6314033 675705322
7858590 8849535 20979051
5989880 6560891 40855026
3581448 8707415 702408234
2835363 5277154 44444905
5059441 9621795 869808632
1287916 6481043 569897474
8324852 8370511 403226086
177873 6192992 478350282
3683084 4587515 585771423
6150102 7213265 114867040
2230793 4677681 89072218
1736775 6161286 161951878
4531576 7226894 854450512
571038 9733847 129452074
3358495 7445350 389020881
2179857 8594590 245114905
1212602 2012294 416294981
6630127 9626338 319238438
1165565 4572261 799710370
1114917 2440973 105297690
1028839 7788540 590672373
7965697 9255885 956585699
9424104 9777557 344083896
425214 6062139 15778133
8617955 9832876 384280899
5702497 6615653 717143508
6684736 7340968 94968761
5528980 6796613 182657065
1423575 8651629 998474465
121939 1272686 123702488
1324455 6962016 621483251
5617040 8829995 518097924
4113543 6088314 982099023
658947 4407912 41796310
627136 5660104 312452588
878909 8095509 189096399
1432032 5034550 120229670
7757397 8165013 510250714
5469942 5837921 13548019
2946779 9724492 698882395
5107376 9250033 21728556
6049596 9356528 216579331
8073709 8723310 362974429
1684935 3237962 218807498
1287894 3383814 737602119
4146064 7831416 705249159
2077262 7826813 36242329
2157476 9142532 275617968
1660458 8595529 670871800
8244629 8756802 794002709
644923 9648025 404535643
2268653 2625418 990360166
1763989 4530646 643840013
7693890 9748299 945989056
5438408 7733584 731661034
801267 5485129 589517034
1341891 3699817 337305632
7032971 8612729 46922029
8382402 9895609 282196585
4732417 7210171 770295246
798646 3385216 934431110
4473906 6945793 857872035
2833514 3750741 648178097
7562519 7783927 485667471
2734257 7102046 983367066
5694815 8130807 198232669
5650767 8844528 52319343
3176817 8794035 192791678
513021 1221856 558584958
4217555 9670157 662491193
3360198 8013543 21821135
1268081 3606098 901598876
1094554 9710224 175949373
5415509 7488689 327837188
1183564 9998567 590019119
8198882 9387002 360239444
1293971 3746825 589722883
2952182 9037306 925331566
3739718 8397981 47379103
1991291 7375622 760680064
160472 6158842 673922995
2906368 6129079 69477005
2313453 9173130 883958377
98982 4300594 256489578
830286 7190641 136207517
3192926 8140862 758836889
4139636 5130103 74343942
204430 6956734 131366152
457487 5847792 86805278
2513047 3009643 303965632
351400 7613242 16007747
4716283 6637001 546120968
1285006 2424183 237520017
1307398 2307099 505289793
1504049 4949183 596597148
916221 4713895 147241924
6065596 7223026 871661075
2599988 4326541 557832416
3416981 3856066 269290320
942830 6596246 243224261
8806774 8938727 511774933
5680579 7318545 201182784
397765 734939 439730094
1203312 3991987 624054647
101174 3320547 844567400
285745 9938082 940037796
2058472 4191262 499059785
223697 1111629 562840584
4448414 6650917 66708396
696821 9717013 673949711
6553015 8485849 907827217
6053279 7295441 242551646
1508266 4861035 145753783
3774842 5337785 679424469
3601072 6161265 224761634
1086349 1753494 804034556
2636298 8511996 467549112
2038800 6887832 653328364
2134131 3593587 780287242
7393049 7872017 77188319
39793 3791982 955401541
3802525 9599086 186708273
4577328 5121072 709323069
1046308 4776726 315399190
1686311 3795332 669673475
3314273 5586229 945370856
3695290 5344041 412757361
738530 4779508 824106497
4344716 7276633 939016076
4494806 7495358 537370106
1762748 4249585 882073113
4499421 4798599 804606879
555118 6373453 106430639
2997153 4603705 386928911
3912932 8190827 560235198
799774 1855905 418237550
2580438 6719042 135709095
8555090 9901580 141312054
8165148 8926444 189274755
3730781 9880794 164239959
2277336 5168820 573330597
3959883 9045128 351465604
4080880 7408283 497015881
792468 7206778 936671637
2105014 7447064 854604560
954598 8348455 339011643
1754780 5302430 688978642
232429 2853707 268428227
6801281 8359037 294708162
4667558 8375833 300760110
3272521 6690319 863515754
6378703 7610944 574939955
578909 3626321 878077087
9303479 9905937 113327118
1329399 7014956 494713981
1272067 6236435 407613225
4855865 8618260 728759750
3032558 5654959 880301734
1329701 9690258 664787245
4220868 6645769 398258820
8104633 9200170 419091614
2699247 3144732 961814514
4299604 9655927 172347153
6385219 7283136 344771643
1462156 8339398 566044347
337335 3068991 596156156
7219253 9061309 38076283
1568390 9077705 200363572
5504237 8825070 840768974
3339376 7265043 854386224
4491994 8064412 170446733
1238102 8235319 164585194
4593477 4705691 654265012
583973 5042846 27571181
6794750 7052997 867774609
1398214 1899604 886162578
7127543 9646630 812116244
4981666 6216514 765328848
1078369 7354687 428619372
4066968 9865953 564874644
7772538 8750685 3991949
2079717 9051322 873298848
1840690 5186227 403833037
1911984 4770387 609836853
516791 4244687 752822903
834728 9709900 821445280
5946467 7402023 799029418
7453545 8624850 265051461
4620166 8344875 63144336
1924204 2411216 808244159
161004 667142 526412837
6317187 9766475 801128490
17577 9580081 84989204
4572210 6782014 464388963
1991403 6165265 389269798
486129 4212545 185715689
112772 9716308 720687249
4150179 5468701 618148370
2896610 3917854 767652982
1015412 6822067 529415202
5857231 9744681 71174492
232652 9963243 265167305
4138860 5517172 541074164
7191604 7350449 908688003
1469836 5068454 264756143
7056662 9665889 481591709
5891039 7936498 847670078
181701 2603299 59004984
4820570 9755049 58904196
7677413 7985319 396996448
1209879 2921874 856182204
7291739 7800106 590797860
326438 2288575 227593230
1897369 1999149 829781769
1527492 5061391 497352567
1578503 2898936 847370316
4670846 7788335 564035652
282812 8092142 25974127
7278200 9111502 42477299
2473826 7789911 482811945
362318 8772902 767802086
2947673 9872371 813093843
1692550 9107483 130016678
5976188 6375389 992710545
4449926 8698057 832541970
5824859 7410533 97805661
1856809 2427840 797033042
2610260 2635092 705096216
12385 7881912 806278876
2275655 8830303 867491087
4726805 9201748 835347044
2947198 5904560 8464781
839230 5905978 339082629
1123075 4997983 283386434
6377657 8729705 439839235
2932509 7871665 881537904
4480737 8683297 127214347
3072229 5193501 480042760
1200975 3589419 534790056
554812 6162828 722790931
2106062 2319900 140393143
2685447 8530517 479054745
368325 2196922 719683992
2568839 7327519 137842964
1965756 3148835 543600324
195 4 8 12 14 15 18 19 24 27 28 30 32 34 42 43 44 45 46 47 48 49 50 52 53 54 55 56 57 58 60 62 63 64 71 72 73 74 75 80 82 83 84 87 88 89 92 93 96 97 99 100 101 102 103 104 105 106 111 112 113 114 115 116 117 119 120 121 123 127 128 131 133 136 137 138 140 142 144 145 146 147 148 149 150 151 154 161 163 164 166 168 171 173 174 175 176 179 180 181 183 184 187 188 189 193 194 195 198 200 202 203 205 206 207 208 209 210 211 214 217 218 219 220 221 226 227 229 232 237 239 240 242 244 247 252 255 256 258 259 260 261 264 265 266 269 270 272 274 277 282 283 284 287 289 291 293 294 295 296 297 301 304 305 306 307 309 310 311 316 319 322 324 325 326 329 330 331 332 333 334 335 336 339 340 341 343 344 345 346 348 352 353 361 362 363 
168 1 2 3 5 6 7 9 10 11 13 16 17 20 21 22 23 25 26 29 31 33 35 36 37 38 39 40 41 51 59 61 65 66 67 68 69 70 76 77 78 79 81 85 86 90 91 94 95 98 107 108 109 110 118 122 124 125 126 129 130 132 134 135 139 141 143 152 153 155 156 157 158 159 160 162 165 167 169 170 172 177 178 182 185 186 190 191 192 196 197 199 201 204 212 213 215 216 222 223 224 225 228 230 231 233 234 235 236 238 241 243 245 246 248 249 250 251 253 254 257 262 263 267 268 271 273 275 276 278 279 280 281 285 286 288 290 292 298 299 300 302 303 308 312 313 314 315 317 318 320 321 323 327 328 337 338 342 347 349 350 351 354 355 356 357 358 359 360 
