

917
655 477 73 502 616 866 574 913 328 697 837 49 794 166 617 501 345 846 664 325 823 255 1 273 332 425 758 417 887 857 729 748 35 439 838 27 276 239 495 547 227 237 157 725 715 871 10 459 180 375 293 68 589 874 410 382 845 21 864 707 720 462 468 309 600 760 455 622 415 131 409 742 74 206 627 674 274 47 8 488 277 244 681 534 326 278 284 755 774 306 12 754 182 120 9 771 449 355 153 520 759 94 366 282 121 15 423 756 299 635 917 872 231 765 489 230 441 407 656 77 643 247 507 100 338 190 144 490 365 772 163 70 905 373 542 843 881 96 628 896 855 870 301 666 289 654 437 476 762 329 285 548 479 801 83 789 25 659 472 708 444 878 717 653 695 169 85 888 669 114 87 404 107 241 873 414 728 218 844 20 687 657 89 176 113 675 807 132 216 916 137 242 555 892 220 810 690 403 525 356 767 491 270 269 880 319 7 379 570 787 850 833 22 532 256 769 392 387 101 544 380 826 72 790 160 261 424 812 606 824 78 641 359 427 475 764 451 3 590 198 347 704 295 183 770 578 168 354 446 438 238 316 104 140 187 58 693 99 484 260 26 518 97 56 37 629 81 817 524 412 618 200 561 32 343 686 53 139 123 213 207 400 537 421 897 795 505 658 115 623 211 353 594 497 633 564 368 411 779 106 298 395 197 36 619 763 155 647 663 251 262 64 819 527 791 551 162 820 458 125 598 145 48 481 147 84 361 679 126 504 110 159 385 746 620 676 716 413 195 79 174 215 471 671 914 602 134 749 40 785 443 304 470 88 223 898 351 272 478 24 71 6 639 745 815 646 813 856 111 546 761 782 305 809 358 339 705 275 911 154 549 291 818 467 485 852 910 194 798 422 840 614 279 117 341 179 604 821 312 401 457 116 526 530 308 515 184 516 751 384 531 827 337 38 317 788 735 814 124 865 902 151 52 738 59 252 320 684 528 369 360 432 565 344 258 577 768 150 193 348 75 682 545 541 397 621 228 170 661 362 429 340 2 868 700 378 640 226 912 506 660 287 830 11 562 420 416 224 615 869 164 186 514 103 130 300 786 668 394 435 648 517 580 463 271 841 796 93 493 461 836 243 69 624 533 673 581 893 189 442 585 294 314 192 265 333 253 433 835 135 118 854 203 315 744 601 376 240 588 808 254 510 57 805 142 781 499 119 396 214 246 698 292 740 13 41 62 867 374 102 402 508 148 405 713 535 436 595 229 571 109 626 44 266 903 607 482 248 4 895 842 538 609 777 342 793 65 909 296 832 847 722 670 16 465 636 649 383 553 92 336 703 208 43 419 593 177 900 263 560 642 464 86 469 91 739 730 784 108 645 709 800 699 678 592 346 605 377 370 724 651 146 171 685 719 799 399 129 513 876 848 567 210 143 39 662 428 233 250 652 694 576 136 225 46 90 426 569 500 859 323 196 559 539 689 232 612 212 494 773 221 734 454 638 288 188 831 519 318 280 152 204 388 133 552 540 19 281 61 98 249 804 122 331 692 303 167 311 757 750 778 297 523 307 466 766 536 487 63 14 677 558 386 611 138 776 389 861 393 688 610 904 205 175 512 741 568 631 445 712 498 731 563 371 474 849 492 714 178 390 747 34 591 158 55 875 264 586 582 17 18 637 727 322 885 884 882 286 185 723 597 863 557 908 834 811 899 149 127 877 858 209 406 364 352 236 732 448 324 199 543 792 67 886 828 573 862 733 321 816 31 891 509 608 883 901 302 803 408 894 453 522 447 783 736 156 702 483 683 434 173 644 550 28 202 51 711 245 76 691 50 201 45 726 367 440 82 60 372 30 66 310 257 161 839 259 753 718 128 634 853 335 566 222 906 706 219 587 486 752 95 290 334 431 191 349 363 23 5 511 418 450 381 802 860 268 357 889 313 613 327 630 217 112 42 710 330 521 829 603 879 667 234 181 496 473 680 737 452 391 554 556 398 780 625 890 80 822 141 775 33 480 572 701 579 430 172 825 721 650 632 915 503 456 696 283 54 529 672 851 743 806 665 797 267 350 165 575 460 105 29 599 584 907 596 235 583 
34
2 0 845
2 1 903
1 0 762
1 3 804
1 2 255
2 4 328
1 3 772
2 1 893
2 2 903
1 7 791
2 7 551
2 5 906
2 4 132
2 1 573
1 0 385
1 6 891
2 8 895
1 16 912
1 16 908
1 15 656
1 2 103
1 19 911
1 9 165
1 20 746
1 19 908
2 15 736
1 2 2
2 19 586
2 26 808
2 19 447
1 11 781
2 30 483
2 18 796
2 13 151
