100
2 50
289 48
81 39
635 54
2 5
755 11
319 10
540 8
918 38
642 34
921 39
1000 98
808 71
432 88
1000 99
451 5
1000 96
950 63
616 91
871 75
40 62
3 10
440 28
1000 4
79 65
555 27
964 38
915 30
124 68
2 3
758 96
320 75
494 92
924 39
30 46
177 61
744 91
2 98
169 3
239 20
398 61
171 6
712 1
387 98
537 11
509 10
930 46
824 54
289 65
245 99
1000 2
991 9
2 95
793 69
13 37
950 95
758 85
838 46
1000 95
252 96
492 12
959 86
906 56
2 2
424 35
2 99
484 74
453 71
500 44
1000 5
1000 3
582 60
522 40
2 4
875 93
1000 97
70 56
2 36
981 68
728 33
839 51
24 85
2 1
355 11
204 41
1000 1
462 18
2 96
270 26
2 97
885 57
226 22
551 71
835 62
958 86
492 78
67 45
950 71
397 40
103 5
