236 1
0 54 26 217 171 115 130 159 196 12 70 13 36 188 155 208 79 118 101 45 224 107 213 142 1 4 90 191 91 128 201 38 3 93 149 35 86 100 42 69 186 2 152 177 114 193 200 164 206 103 10 55 181 25 144 80 216 33 180 66 228 166 88 207 98 122 140 32 175 214 131 53 174 48 85 230 6 170 163 203 232 67 113 102 121 16 225 5 75 83 184 132 49 74 125 138 205 120 97 18 187 167 82 68 129 19 179 198 104 161 30 226 221 39 127 190 27 229 183 133 119 153 108 58 231 89 204 109 7 59 43 106 111 105 146 22 212 99 202 92 210 72 234 173 56 61 220 192 162 199 73 37 178 11 211 137 150 41 134 34 40 50 136 14 189 112 158 116 145 169 209 81 143 157 23 77 218 182 78 194 60 76 95 9 117 46 65 124 51 52 110 219 148 160 44 215 176 15 154 222 227 195 17 84 24 197 71 235 223 139 64 20 168 47 185 62 233 94 172 57 135 8 151 165 31 96 63 156 123 147 87 29 126 141 28 21 
0 54 347739
0 26 892291
26 217 364922
217 171 906033
0 115 874127
26 130 833057
0 159 195025
171 196 822922
115 12 50982
12 70 639593
12 13 256392
13 36 377517
70 188 795814
54 155 960327
115 208 975216
208 79 871834
79 118 287330
188 101 979437
12 45 30608
217 224 4381
130 107 18902
26 213 187465
213 142 91204
171 1 44284
54 4 777304
70 90 953795
217 191 283549
26 91 800327
213 128 612996
0 201 902909
4 38 926193
188 3 960735
54 93 795199
115 149 807467
159 35 383119
0 86 185677
38 100 156875
149 42 578143
115 69 524951
0 186 207856
0 2 734087
70 152 781342
191 177 101724
35 114 46252
91 193 258020
193 200 76940
186 164 918086
200 206 545350
155 103 56376
155 10 948693
79 55 66082
86 181 591630
0 25 652510
100 144 157285
70 80 635913
3 216 429813
10 33 111080
128 180 919462
70 66 230139
171 228 240427
144 166 338722
10 88 672684
177 207 717513
196 98 133920
186 122 996502
55 140 100631
107 32 835948
86 175 669728
90 214 195125
91 131 360898
217 53 393936
1 174 929211
174 48 658591
91 85 495659
2 230 975463
230 6 916611
86 170 572598
66 163 893548
85 203 978312
25 232 145326
101 67 842240
33 113 44393
1 102 736955
42 121 494749
101 16 718030
115 225 889219
177 5 440913
121 75 345461
122 83 325032
191 184 187404
174 132 585887
128 49 663753
98 74 376439
49 125 819752
122 138 314024
181 205 889292
155 120 920382
208 97 149972
32 18 559019
80 187 115507
54 167 510869
206 82 952954
83 68 561069
132 129 169460
201 19 964965
83 179 536531
32 198 602422
122 104 537562
187 161 946430
102 30 97085
193 226 682887
155 221 305022
142 39 657829
102 127 936193
181 190 316122
138 27 375858
6 229 825412
4 183 757035
79 133 721318
140 119 150443
187 153 460790
12 108 823557
155 58 814196
207 231 837228
205 89 643308
93 204 128219
204 109 242871
12 7 563689
97 59 794542
107 43 318241
30 106 195547
166 111 305411
10 105 271195
74 146 756616
82 22 991222
54 212 752511
163 99 809498
228 202 593643
171 92 290072
68 210 755928
177 72 207079
36 234 489311
13 173 60949
224 56 864907
142 61 425503
204 220 893422
166 192 240765
207 162 767266
127 199 650456
181 73 478434
167 37 917709
127 178 627597
42 11 301990
225 211 248256
55 137 981176
66 150 945297
210 41 892826
83 134 224046
45 34 25338
85 40 203720
175 50 542287
183 136 737236
104 14 509130
59 189 329833
174 112 10203
36 158 16703
1 116 82343
113 145 819701
39 169 610345
27 209 888766
67 81 91980
41 143 817423
226 157 378076
167 23 669280
121 77 198681
53 218 319931
72 182 562701
133 78 439445
98 194 87196
177 60 729509
188 76 917879
77 95 521256
98 9 357105
128 117 736220
225 46 285863
134 65 338281
109 124 197869
41 51 695041
7 52 78678
55 110 223206
209 219 898760
163 148 620964
113 160 960441
98 44 924241
80 215 467148
234 176 970644
112 15 940943
67 154 549490
16 222 306696
45 227 67639
48 195 438256
10 17 398675
4 84 401413
157 24 332683
85 197 67954
211 71 600093
128 235 652613
234 223 630654
177 139 555890
40 64 256161
158 20 360162
85 168 990120
54 47 777416
44 185 233619
14 62 726339
229 233 579631
53 94 571899
142 172 924207
144 57 791023
33 135 650576
188 8 663764
17 151 689782
186 165 787892
187 31 140557
56 96 130374
165 63 255039
65 156 111200
84 123 71316
16 147 320881
39 87 934247
94 29 655306
234 126 275488
41 141 332921
59 28 56718
76 21 124522
0 78
