Case #1: 41 1 1 1 1 1 1 1 1 1 1 1 1 1 1 1 1 1 1 1 1 1 1 1 1 1 1 1 1 1 1 1 1 1 1 1 1 1 1 1 1 1 
Case #2: 40 1 1 1 1 1 1 1 1 1 1 1 1 1 1 1 1 1 1 1 1 1 1 1 1 1 1 1 1 1 1 1 1 1 1 1 1 1 1 1 2 
Case #3: 39 1 1 1 1 1 1 1 1 1 1 1 1 1 1 1 1 1 1 1 1 1 1 1 1 1 1 1 1 1 1 1 1 1 1 1 1 1 1 3 
Case #4: 38 1 1 1 1 1 1 1 1 1 1 1 1 1 1 1 1 1 1 1 1 1 1 1 1 1 1 1 1 1 1 1 1 1 1 1 1 1 4 
Case #5: 37 1 1 1 1 1 1 1 1 1 1 1 1 1 1 1 1 1 1 1 1 1 1 1 1 1 1 1 1 1 1 1 1 1 1 1 1 5 
Case #6: 36 1 1 1 1 1 1 1 1 1 1 1 1 1 1 1 1 1 1 1 1 1 1 1 1 1 1 1 1 1 1 1 1 1 1 1 6 
Case #7: 35 1 1 1 1 1 1 1 1 1 1 1 1 1 1 1 1 1 1 1 1 1 1 1 1 1 1 1 1 1 1 1 1 1 1 7 
Case #8: 34 1 1 1 1 1 1 1 1 1 1 1 1 1 1 1 1 1 1 1 1 1 1 1 1 1 1 1 1 1 1 1 1 1 8 
Case #9: 33 1 1 1 1 1 1 1 1 1 1 1 1 1 1 1 1 1 1 1 1 1 1 1 1 1 1 1 1 1 1 1 1 9 
Case #10: 32 1 1 1 1 1 1 1 1 1 1 1 1 1 1 1 1 1 1 1 1 1 1 1 1 1 1 1 1 1 1 1 10 
Case #11: 31 1 1 1 1 1 1 1 1 1 1 1 1 1 1 1 1 1 1 1 1 1 1 1 1 1 1 1 1 1 1 11 
Case #12: 30 1 1 1 1 1 1 1 1 1 1 1 1 1 1 1 1 1 1 1 1 1 1 1 1 1 1 1 1 1 12 
Case #13: 29 1 1 1 1 1 1 1 1 1 1 1 1 1 1 1 1 1 1 1 1 1 1 1 1 1 1 1 1 13 
Case #14: 28 1 1 1 1 1 1 1 1 1 1 1 1 1 1 1 1 1 1 1 1 1 1 1 1 1 1 1 14 
Case #15: 27 1 1 1 1 1 1 1 1 1 1 1 1 1 1 1 1 1 1 1 1 1 1 1 1 1 1 15 
Case #16: 26 1 1 1 1 1 1 1 1 1 1 1 1 1 1 1 1 1 1 1 1 1 1 1 1 1 16 
Case #17: 25 1 1 1 1 1 1 1 1 1 1 1 1 1 1 1 1 1 1 1 1 1 1 1 1 17 
Case #18: 24 1 1 1 1 1 1 1 1 1 1 1 1 1 1 1 1 1 1 1 1 1 1 1 18 
Case #19: 23 1 1 1 1 1 1 1 1 1 1 1 1 1 1 1 1 1 1 1 1 1 1 19 
Case #20: 22 1 1 1 1 1 1 1 1 1 1 1 1 1 1 1 1 1 1 1 1 1 20 
Case #21: 21 1 1 1 1 1 1 1 1 1 1 1 1 1 1 1 1 1 1 1 1 21 
Case #22: 20 1 1 1 1 1 1 1 1 1 1 1 1 1 1 1 1 1 1 1 22 
Case #23: 19 1 1 1 1 1 1 1 1 1 1 1 1 1 1 1 1 1 1 23 
Case #24: 18 1 1 1 1 1 1 1 1 1 1 1 1 1 1 1 1 1 24 
Case #25: 17 1 1 1 1 1 1 1 1 1 1 1 1 1 1 1 1 25 
Case #26: 16 1 1 1 1 1 1 1 1 1 1 1 1 1 1 1 26 
Case #27: 15 1 1 1 1 1 1 1 1 1 1 1 1 1 1 27 
Case #28: 14 1 1 1 1 1 1 1 1 1 1 1 1 1 28 
Case #29: 13 1 1 1 1 1 1 1 1 1 1 1 1 29 
Case #30: 12 1 1 1 1 1 1 1 1 1 1 1 30 
Case #31: 11 1 1 1 1 1 1 1 1 1 1 31 
Case #32: 10 1 1 1 1 1 1 1 1 1 32 
Case #33: 9 1 1 1 1 1 1 1 1 33 
Case #34: 8 1 1 1 1 1 1 1 34 
Case #35: 7 1 1 1 1 1 1 35 
Case #36: 6 1 1 1 1 1 36 
Case #37: 5 1 1 1 1 37 
Case #38: 4 1 1 1 38 
Case #39: 3 1 1 39 
Case #40: 2 1 40 
Case #41: 1 41 
Case #42: 20 1 1 1 1 1 1 1 1 1 1 1 1 1 1 1 1 1 1 2 21 
Case #43: -1
Case #44: 19 1 1 1 1 1 1 1 1 1 1 1 1 1 1 1 1 1 2 22 
Case #45: 25 1 1 1 1 1 1 1 1 1 1 1 1 1 1 1 1 1 1 1 1 1 1 1 3 15 
Case #46: 18 1 1 1 1 1 1 1 1 1 1 1 1 1 1 1 1 2 23 
Case #47: -1
Case #48: 17 1 1 1 1 1 1 1 1 1 1 1 1 1 1 1 2 24 
Case #49: 29 1 1 1 1 1 1 1 1 1 1 1 1 1 1 1 1 1 1 1 1 1 1 1 1 1 1 1 7 7 
Case #50: 16 1 1 1 1 1 1 1 1 1 1 1 1 1 1 2 25 
Case #51: 23 1 1 1 1 1 1 1 1 1 1 1 1 1 1 1 1 1 1 1 1 1 3 17 
Case #52: 15 1 1 1 1 1 1 1 1 1 1 1 1 1 2 26 
Case #53: -1
Case #54: 14 1 1 1 1 1 1 1 1 1 1 1 1 2 27 
Case #55: 27 1 1 1 1 1 1 1 1 1 1 1 1 1 1 1 1 1 1 1 1 1 1 1 1 1 5 11 
Case #56: 13 1 1 1 1 1 1 1 1 1 1 1 2 28 
Case #57: 21 1 1 1 1 1 1 1 1 1 1 1 1 1 1 1 1 1 1 1 3 19 
Case #58: 12 1 1 1 1 1 1 1 1 1 1 2 29 
Case #59: -1
Case #60: 11 1 1 1 1 1 1 1 1 1 2 30 
Case #61: -1
Case #62: 10 1 1 1 1 1 1 1 1 2 31 
Case #63: 19 1 1 1 1 1 1 1 1 1 1 1 1 1 1 1 1 1 3 21 
Case #64: 9 1 1 1 1 1 1 1 2 32 
Case #65: 25 1 1 1 1 1 1 1 1 1 1 1 1 1 1 1 1 1 1 1 1 1 1 1 5 13 
Case #66: 8 1 1 1 1 1 1 2 33 
Case #67: -1
Case #68: 7 1 1 1 1 1 2 34 
Case #69: 17 1 1 1 1 1 1 1 1 1 1 1 1 1 1 1 3 23 
Case #70: 6 1 1 1 1 2 35 
Case #71: -1
Case #72: 5 1 1 1 2 36 
Case #73: -1
Case #74: 4 1 1 2 37 
Case #75: 15 1 1 1 1 1 1 1 1 1 1 1 1 1 3 25 
Case #76: 3 1 2 38 
Case #77: 25 1 1 1 1 1 1 1 1 1 1 1 1 1 1 1 1 1 1 1 1 1 1 1 7 11 
Case #78: 2 2 39 
Case #79: -1
Case #80: 19 1 1 1 1 1 1 1 1 1 1 1 1 1 1 1 1 1 4 20 
Case #81: 13 1 1 1 1 1 1 1 1 1 1 1 3 27 
Case #82: -1
Case #83: -1
Case #84: 12 1 1 1 1 1 1 1 1 1 1 3 28 
Case #85: 21 1 1 1 1 1 1 1 1 1 1 1 1 1 1 1 1 1 1 1 5 17 
Case #86: -1
Case #87: 11 1 1 1 1 1 1 1 1 1 3 29 
Case #88: 17 1 1 1 1 1 1 1 1 1 1 1 1 1 1 1 4 22 
Case #89: -1
Case #90: 10 1 1 1 1 1 1 1 1 3 30 
Case #91: 23 1 1 1 1 1 1 1 1 1 1 1 1 1 1 1 1 1 1 1 1 1 7 13 
Case #92: 16 1 1 1 1 1 1 1 1 1 1 1 1 1 1 4 23 
Case #93: 9 1 1 1 1 1 1 1 3 31 
Case #94: -1
Case #95: 19 1 1 1 1 1 1 1 1 1 1 1 1 1 1 1 1 1 5 19 
Case #96: 8 1 1 1 1 1 1 3 32 
Case #97: -1
Case #98: 22 1 1 1 1 1 1 1 1 1 1 1 1 1 1 1 1 1 1 1 1 7 14 
Case #99: 7 1 1 1 1 1 3 33 
Case #100: 14 1 1 1 1 1 1 1 1 1 1 1 1 4 25 
Case #101: -1
Case #102: 6 1 1 1 1 3 34 
Case #103: -1
Case #104: 13 1 1 1 1 1 1 1 1 1 1 1 4 26 
Case #105: 5 1 1 1 3 35 
Case #106: -1
Case #107: -1
Case #108: 4 1 1 3 36 
Case #109: -1
Case #110: 16 1 1 1 1 1 1 1 1 1 1 1 1 1 1 5 22 
Case #111: 3 1 3 37 
Case #112: 11 1 1 1 1 1 1 1 1 1 4 28 
Case #113: -1
Case #114: 2 3 38 
Case #115: 15 1 1 1 1 1 1 1 1 1 1 1 1 1 5 23 
Case #116: 10 1 1 1 1 1 1 1 1 4 29 
Case #117: 21 1 1 1 1 1 1 1 1 1 1 1 1 1 1 1 1 1 1 1 9 13 
Case #118: -1
Case #119: 19 1 1 1 1 1 1 1 1 1 1 1 1 1 1 1 1 1 7 17 
Case #120: 9 1 1 1 1 1 1 1 4 30 
Case #121: 21 1 1 1 1 1 1 1 1 1 1 1 1 1 1 1 1 1 1 1 11 11 
Case #122: -1
Case #123: -1
Case #124: 8 1 1 1 1 1 1 4 31 
Case #125: 13 1 1 1 1 1 1 1 1 1 1 1 5 25 
Case #126: 16 1 1 1 1 1 1 1 1 1 1 1 1 1 1 6 21 
Case #127: -1
Case #128: 7 1 1 1 1 1 4 32 
Case #129: -1
Case #130: 12 1 1 1 1 1 1 1 1 1 1 5 26 
Case #131: -1
Case #132: 6 1 1 1 1 4 33 
Case #133: 17 1 1 1 1 1 1 1 1 1 1 1 1 1 1 1 7 19 
Case #134: -1
Case #135: 11 1 1 1 1 1 1 1 1 1 5 27 
Case #136: 5 1 1 1 4 34 
Case #137: -1
Case #138: 14 1 1 1 1 1 1 1 1 1 1 1 1 6 23 
Case #139: -1
Case #140: 4 1 1 4 35 
Case #141: -1
Case #142: -1
Case #143: 19 1 1 1 1 1 1 1 1 1 1 1 1 1 1 1 1 1 11 13 
Case #144: 3 1 4 36 
Case #145: 9 1 1 1 1 1 1 1 5 29 
Case #146: -1
Case #147: 15 1 1 1 1 1 1 1 1 1 1 1 1 1 7 21 
Case #148: 2 4 37 
Case #149: -1
Case #150: 8 1 1 1 1 1 1 5 30 
Case #151: -1
Case #152: 16 1 1 1 1 1 1 1 1 1 1 1 1 1 1 8 19 
Case #153: 17 1 1 1 1 1 1 1 1 1 1 1 1 1 1 1 9 17 
Case #154: 14 1 1 1 1 1 1 1 1 1 1 1 1 7 22 
Case #155: 7 1 1 1 1 1 5 31 
Case #156: 11 1 1 1 1 1 1 1 1 1 6 26 
Case #157: -1
Case #158: -1
Case #159: -1
Case #160: 6 1 1 1 1 5 32 
Case #161: 13 1 1 1 1 1 1 1 1 1 1 1 7 23 
Case #162: 10 1 1 1 1 1 1 1 1 6 27 
Case #163: -1
Case #164: -1
Case #165: 5 1 1 1 5 33 
Case #166: -1
Case #167: -1
Case #168: 9 1 1 1 1 1 1 1 6 28 
Case #169: 17 1 1 1 1 1 1 1 1 1 1 1 1 1 1 1 13 13 
Case #170: 4 1 1 5 34 
Case #171: 15 1 1 1 1 1 1 1 1 1 1 1 1 1 9 19 
Case #172: -1
Case #173: -1
Case #174: 8 1 1 1 1 1 1 6 29 
Case #175: 3 1 5 35 
Case #176: 13 1 1 1 1 1 1 1 1 1 1 1 8 22 
Case #177: -1
Case #178: -1
Case #179: -1
Case #180: 2 5 36 
Case #181: -1
Case #182: 10 1 1 1 1 1 1 1 1 7 26 
Case #183: -1
Case #184: 12 1 1 1 1 1 1 1 1 1 1 8 23 
Case #185: -1
Case #186: 6 1 1 1 1 6 31 
Case #187: 15 1 1 1 1 1 1 1 1 1 1 1 1 1 11 17 
Case #188: -1
Case #189: 9 1 1 1 1 1 1 1 7 27 
Case #190: 14 1 1 1 1 1 1 1 1 1 1 1 1 10 19 
Case #191: -1
Case #192: 5 1 1 1 6 32 
Case #193: -1
Case #194: -1
Case #195: 15 1 1 1 1 1 1 1 1 1 1 1 1 1 13 15 
Case #196: 8 1 1 1 1 1 1 7 28 
Case #197: -1
Case #198: 4 1 1 6 33 
Case #199: -1
Case #200: 10 1 1 1 1 1 1 1 1 8 25 
Case #201: -1
Case #202: -1
Case #203: 7 1 1 1 1 1 7 29 
Case #204: 3 1 6 34 
Case #205: -1
Case #206: -1
Case #207: 11 1 1 1 1 1 1 1 1 1 9 23 
Case #208: 9 1 1 1 1 1 1 1 8 26 
Case #209: 13 1 1 1 1 1 1 1 1 1 1 1 11 19 
Case #210: 2 6 35 
Case #211: -1
Case #212: -1
Case #213: -1
Case #214: -1
Case #215: -1
Case #216: 3 2 3 36 
Case #217: 5 1 1 1 7 31 
Case #218: -1
Case #219: -1
Case #220: 11 1 1 1 1 1 1 1 1 1 10 22 
Case #221: 13 1 1 1 1 1 1 1 1 1 1 1 13 17 
Case #222: -1
Case #223: -1
Case #224: 4 1 1 7 32 
Case #225: 9 1 1 1 1 1 1 1 9 25 
Case #226: -1
Case #227: -1
Case #228: 12 1 1 1 1 1 1 1 1 1 1 12 19 
Case #229: -1
Case #230: 10 1 1 1 1 1 1 1 1 10 23 
Case #231: 3 1 7 33 
Case #232: 6 1 1 1 1 8 29 
Case #233: -1
Case #234: 8 1 1 1 1 1 1 9 26 
Case #235: -1
Case #236: -1
Case #237: -1
Case #238: 2 7 34 
Case #239: -1
Case #240: 5 1 1 1 8 30 
Case #241: -1
Case #242: 10 1 1 1 1 1 1 1 1 11 22 
Case #243: 7 1 1 1 1 1 9 27 
Case #244: -1
Case #245: 25 1 1 1 1 1 1 1 1 1 1 1 1 1 1 1 1 1 1 1 1 1 1 5 7 7 
Case #246: -1
Case #247: 11 1 1 1 1 1 1 1 1 1 13 19 
Case #248: 4 1 1 8 31 
Case #249: -1
Case #250: 8 1 1 1 1 1 1 10 25 
Case #251: -1
Case #252: 6 1 1 1 1 9 28 
Case #253: 9 1 1 1 1 1 1 1 11 23 
Case #254: -1
Case #255: 11 1 1 1 1 1 1 1 1 1 15 17 
Case #256: 3 1 8 32 
Case #257: -1
Case #258: -1
Case #259: -1
Case #260: 7 1 1 1 1 1 10 26 
Case #261: 5 1 1 1 9 29 
Case #262: -1
Case #263: -1
Case #264: 2 8 33 
Case #265: -1
Case #266: 10 1 1 1 1 1 1 1 1 14 19 
Case #267: -1
Case #268: -1
Case #269: -1
Case #270: 4 1 1 9 30 
Case #271: -1
Case #272: 4 1 2 4 34 
Case #273: 9 1 1 1 1 1 1 1 13 21 
Case #274: -1
Case #275: 7 1 1 1 1 1 11 25 
Case #276: 8 1 1 1 1 1 1 12 23 
Case #277: -1
Case #278: -1
Case #279: 3 1 9 31 
Case #280: 3 2 4 35 
Case #281: -1
Case #282: -1
Case #283: -1
Case #284: -1
Case #285: 9 1 1 1 1 1 1 1 15 19 
Case #286: 6 1 1 1 1 11 26 
Case #287: -1
Case #288: 2 9 32 
Case #289: 9 1 1 1 1 1 1 1 17 17 
Case #290: 4 1 1 10 29 
Case #291: -1
Case #292: -1
Case #293: -1
Case #294: 8 1 1 1 1 1 1 14 21 
Case #295: -1
Case #296: -1
Case #297: 5 1 1 1 11 27 
Case #298: -1
Case #299: 7 1 1 1 1 1 13 23 
Case #300: 3 1 10 30 
Case #301: -1
Case #302: -1
Case #303: -1
Case #304: 8 1 1 1 1 1 1 16 19 
Case #305: -1
Case #306: 4 1 3 3 34 
Case #307: -1
Case #308: 4 1 1 11 28 
Case #309: -1
Case #310: 2 10 31 
Case #311: -1
Case #312: 5 1 1 1 12 26 
Case #313: -1
Case #314: -1
Case #315: 3 3 3 35 
Case #316: -1
Case #317: -1
Case #318: -1
Case #319: 3 1 11 29 
Case #320: 5 1 1 2 5 32 
Case #321: -1
Case #322: 6 1 1 1 1 14 23 
Case #323: 7 1 1 1 1 1 17 19 
Case #324: 4 1 1 12 27 
Case #325: 5 1 1 1 13 25 
Case #326: -1
Case #327: -1
Case #328: -1
Case #329: -1
Case #330: 2 11 30 
Case #331: -1
Case #332: -1
Case #333: -1
Case #334: -1
Case #335: -1
Case #336: 3 1 12 28 
Case #337: -1
Case #338: 4 1 1 13 26 
Case #339: -1
Case #340: 3 2 5 34 
Case #341: -1
Case #342: 6 1 1 1 1 18 19 
Case #343: 23 1 1 1 1 1 1 1 1 1 1 1 1 1 1 1 1 1 1 1 1 7 7 7 
Case #344: -1
Case #345: 5 1 1 1 15 23 
Case #346: -1
Case #347: -1
Case #348: 2 12 29 
Case #349: -1
Case #350: 4 1 1 14 25 
Case #351: 3 1 13 27 
Case #352: 5 1 1 1 16 22 
Case #353: -1
Case #354: -1
Case #355: -1
Case #356: -1
Case #357: 5 1 1 1 17 21 
Case #358: -1
Case #359: -1
Case #360: 4 1 1 15 24 
Case #361: 5 1 1 1 19 19 
Case #362: -1
Case #363: 19 1 1 1 1 1 1 1 1 1 1 1 1 1 1 1 1 3 11 11 
Case #364: 2 13 28 
Case #365: -1
Case #366: -1
Case #367: -1
Case #368: 4 1 1 16 23 
Case #369: -1
Case #370: -1
Case #371: -1
Case #372: 5 1 1 2 6 31 
Case #373: -1
Case #374: 4 1 1 17 22 
Case #375: 3 1 15 25 
Case #376: -1
Case #377: -1
Case #378: 2 14 27 
Case #379: -1
Case #380: 4 1 1 19 20 
Case #381: -1
Case #382: -1
Case #383: -1
Case #384: 3 1 16 24 
Case #385: 21 1 1 1 1 1 1 1 1 1 1 1 1 1 1 1 1 1 1 5 7 11 
Case #386: -1
Case #387: -1
Case #388: -1
Case #389: -1
Case #390: 2 15 26 
Case #391: 3 1 17 23 
Case #392: 7 1 1 1 1 2 7 28 
Case #393: -1
Case #394: -1
Case #395: -1
Case #396: 3 1 18 22 
Case #397: -1
Case #398: -1
Case #399: 3 1 19 21 
Case #400: 2 16 25 
Case #401: -1
Case #402: -1
Case #403: -1
Case #404: -1
Case #405: 9 1 1 1 1 1 1 3 5 27 
Case #406: 6 1 1 1 2 7 29 
Case #407: -1
Case #408: 2 17 24 
Case #409: -1
Case #410: -1
Case #411: -1
Case #412: -1
Case #413: -1
Case #414: 2 18 23 
Case #415: -1
Case #416: 8 1 1 1 1 1 2 8 26 
Case #417: -1
Case #418: 2 19 22 
Case #419: -1
Case #420: 2 20 21 
Case #421: -1
Case #422: -1
Case #423: -1
Case #424: -1
Case #425: 17 1 1 1 1 1 1 1 1 1 1 1 1 1 1 5 5 17 
Case #426: -1
Case #427: -1
Case #428: -1
Case #429: 17 1 1 1 1 1 1 1 1 1 1 1 1 1 1 3 11 13 
Case #430: -1
Case #431: -1
Case #432: 7 1 1 1 1 2 8 27 
Case #433: -1
Case #434: 4 1 2 7 31 
Case #435: 7 1 1 1 1 3 5 29 
Case #436: -1
Case #437: -1
Case #438: -1
Case #439: -1
Case #440: 10 1 1 1 1 1 1 1 2 10 22 
Case #441: 13 1 1 1 1 1 1 1 1 1 1 3 7 21 
Case #442: 12 1 1 1 1 1 1 1 1 1 2 13 17 
Case #443: -1
Case #444: -1
Case #445: -1
Case #446: -1
Case #447: -1
Case #448: 3 2 7 32 
Case #449: -1
Case #450: 6 1 1 1 3 5 30 
Case #451: -1
Case #452: -1
Case #453: -1
Case #454: -1
Case #455: 19 1 1 1 1 1 1 1 1 1 1 1 1 1 1 1 1 5 7 13 
Case #456: 11 1 1 1 1 1 1 1 1 2 12 19 
Case #457: -1
Case #458: -1
Case #459: 15 1 1 1 1 1 1 1 1 1 1 1 1 3 9 17 
Case #460: 9 1 1 1 1 1 1 2 10 23 
Case #461: -1
Case #462: 10 1 1 1 1 1 1 1 2 11 21 
Case #463: -1
Case #464: 5 1 1 2 8 29 
Case #465: 5 1 1 3 5 31 
Case #466: -1
Case #467: -1
Case #468: 7 1 1 1 1 2 9 26 
Case #469: -1
Case #470: -1
Case #471: -1
Case #472: -1
Case #473: -1
Case #474: -1
Case #475: 15 1 1 1 1 1 1 1 1 1 1 1 1 5 5 19 
Case #476: 11 1 1 1 1 1 1 1 1 2 14 17 
Case #477: -1
Case #478: -1
Case #479: -1
Case #480: 4 1 2 8 30 
Case #481: -1
Case #482: -1
Case #483: 11 1 1 1 1 1 1 1 1 3 7 23 
Case #484: 9 1 1 1 1 1 1 2 11 22 
Case #485: -1
Case #486: 6 1 1 1 2 9 27 
Case #487: -1
Case #488: -1
Case #489: -1
Case #490: 18 1 1 1 1 1 1 1 1 1 1 1 1 1 1 1 5 7 14 
Case #491: -1
Case #492: -1
Case #493: -1
Case #494: 10 1 1 1 1 1 1 1 2 13 19 
Case #495: 3 3 5 33 
Case #496: 3 2 8 31 
Case #497: -1
Case #498: -1
Case #499: -1
Case #500: 7 1 1 1 1 2 10 25 
Case #501: -1
Case #502: -1
Case #503: -1
Case #504: 5 1 1 2 9 28 
Case #505: -1
Case #506: 8 1 1 1 1 1 2 11 23 
Case #507: 15 1 1 1 1 1 1 1 1 1 1 1 1 3 13 13 
Case #508: -1
Case #509: -1
Case #510: 10 1 1 1 1 1 1 1 2 15 17 
Case #511: -1
Case #512: 4 1 4 4 32 
Case #513: 13 1 1 1 1 1 1 1 1 1 1 3 9 19 
Case #514: -1
Case #515: -1
Case #516: -1
Case #517: -1
Case #518: -1
Case #519: -1
Case #520: 6 1 1 1 2 10 26 
Case #521: -1
Case #522: 4 1 2 9 29 
Case #523: -1
Case #524: -1
Case #525: 9 1 1 1 1 1 1 3 7 25 
Case #526: -1
Case #527: -1
Case #528: 3 4 4 33 
Case #529: -1
Case #530: -1
Case #531: -1
Case #532: 9 1 1 1 1 1 1 2 14 19 
Case #533: -1
Case #534: -1
Case #535: -1
Case #536: -1
Case #537: -1
Case #538: -1
Case #539: 19 1 1 1 1 1 1 1 1 1 1 1 1 1 1 1 1 7 7 11 
Case #540: 3 2 9 30 
Case #541: -1
Case #542: -1
Case #543: -1
Case #544: 9 1 1 1 1 1 1 2 16 17 
Case #545: -1
Case #546: 8 1 1 1 1 1 2 13 21 
Case #547: -1
Case #548: -1
Case #549: -1
Case #550: 6 1 1 1 2 11 25 
Case #551: -1
Case #552: 7 1 1 1 1 2 12 23 
Case #553: -1
Case #554: -1
Case #555: -1
Case #556: -1
Case #557: -1
Case #558: 4 1 3 6 31 
Case #559: -1
Case #560: 4 1 2 10 28 
Case #561: 13 1 1 1 1 1 1 1 1 1 1 3 11 17 
Case #562: -1
Case #563: -1
Case #564: -1
Case #565: -1
Case #566: -1
Case #567: 7 1 1 1 1 3 7 27 
Case #568: -1
Case #569: -1
Case #570: 8 1 1 1 1 1 2 15 19 
Case #571: -1
Case #572: 5 1 1 2 11 26 
Case #573: -1
Case #574: -1
Case #575: 11 1 1 1 1 1 1 1 1 5 5 23 
Case #576: 3 3 6 32 
Case #577: -1
Case #578: 8 1 1 1 1 1 2 17 17 
Case #579: -1
Case #580: 3 2 10 29 
Case #581: -1
Case #582: -1
Case #583: -1
Case #584: -1
Case #585: 13 1 1 1 1 1 1 1 1 1 1 3 13 15 
Case #586: -1
Case #587: -1
Case #588: 6 1 1 1 3 7 28 
Case #589: -1
Case #590: -1
Case #591: -1
Case #592: -1
Case #593: -1
Case #594: 4 1 2 11 27 
Case #595: 15 1 1 1 1 1 1 1 1 1 1 1 1 5 7 17 
Case #596: -1
Case #597: -1
Case #598: 6 1 1 1 2 13 23 
Case #599: -1
Case #600: 5 1 1 2 12 25 
Case #601: -1
Case #602: -1
Case #603: -1
Case #604: -1
