1 1 1 1 1 1 1 1 1 1 1 1 1 1 1 2 2 2 2 2 2 2 2 2 2 3 3 3 3 3 3 3 3 3 3 
1 1 1 1 1 1 1 1 1 1 1 1 1 1 1 2 2 2 2 2 2 2 2 2 2 3 3 3 3 3 3 3 3 3 3 
1 1 1 1 1 1 1 1 1 1 1 1 1 1 1 2 2 2 2 2 2 2 2 2 2 3 3 3 3 3 3 3 3 3 3 
1 1 1 1 1 1 1 1 1 1 1 1 1 1 1 2 2 2 2 2 2 2 2 2 2 3 3 3 3 3 3 3 3 3 3 
1 1 1 1 1 1 1 1 1 1 1 1 1 1 1 2 2 2 2 2 2 2 2 2 2 3 3 3 3 3 3 3 3 3 3 
1 1 1 1 1 1 1 1 1 1 1 1 1 1 1 2 2 2 2 2 2 2 2 2 2 3 3 3 3 3 3 3 3 3 3 
1 1 1 1 1 1 1 1 1 1 1 1 1 1 1 2 2 2 2 2 2 2 2 2 2 3 3 3 3 3 3 3 3 3 3 
1 1 1 1 1 1 1 1 1 1 1 1 1 1 1 2 2 2 2 2 2 2 2 2 2 3 3 3 3 3 3 3 3 3 3 
1 1 1 1 1 1 1 1 1 1 1 1 1 1 1 2 2 2 2 2 2 2 2 2 2 3 3 3 3 3 3 3 3 3 3 
1 1 1 1 1 1 1 1 1 1 1 1 1 1 1 2 2 2 2 2 2 2 2 2 2 3 3 3 3 3 3 3 3 3 3 
4 4 4 4 4 4 4 4 4 4 4 4 4 4 4 2 2 2 2 2 2 2 2 2 2 9 9 9 9 9 9 9 9 9 9 
4 4 4 4 4 4 4 4 4 4 4 4 4 4 4 2 2 2 2 2 2 2 2 2 2 9 9 9 9 9 9 9 9 9 9 
4 4 4 4 4 4 4 4 4 4 4 4 4 4 4 2 2 2 2 2 2 2 2 2 2 9 9 9 9 9 9 9 9 9 9 
4 4 4 4 4 4 4 4 4 4 4 4 4 4 4 2 2 2 2 2 2 2 2 2 2 9 9 9 9 9 9 9 9 9 9 
4 4 4 4 4 4 4 4 4 4 4 4 4 4 4 2 2 2 2 2 2 2 2 2 2 9 9 9 9 9 9 9 9 9 9 
4 4 4 4 4 4 4 4 4 4 4 4 4 4 4 7 7 7 7 7 7 7 7 7 7 9 9 9 9 9 9 9 9 9 9 
4 4 4 4 4 4 4 4 4 4 4 4 4 4 4 7 7 7 7 7 7 7 7 7 7 9 9 9 9 9 9 9 9 9 9 
4 4 4 4 4 4 4 4 4 4 4 4 4 4 4 7 7 7 7 7 7 7 7 7 7 9 9 9 9 9 9 9 9 9 9 
4 4 4 4 4 4 4 4 4 4 4 4 4 4 4 7 7 7 7 7 7 7 7 7 7 9 9 9 9 9 9 9 9 9 9 
4 4 4 4 4 4 4 4 4 4 4 4 4 4 4 7 7 7 7 7 7 7 7 7 7 9 9 9 9 9 9 9 9 9 9 
5 5 5 5 5 5 5 5 5 5 5 5 5 5 5 7 7 7 7 7 7 7 7 7 7 10 10 10 10 10 10 10 10 10 10 
5 5 5 5 5 5 5 5 5 5 5 5 5 5 5 7 7 7 7 7 7 7 7 7 7 10 10 10 10 10 10 10 10 10 10 
5 5 5 5 5 5 5 5 5 5 5 5 5 5 5 7 7 7 7 7 7 7 7 7 7 10 10 10 10 10 10 10 10 10 10 
5 5 5 5 5 5 5 5 5 5 5 5 5 5 5 7 7 7 7 7 7 7 7 7 7 10 10 10 10 10 10 10 10 10 10 
5 5 5 5 5 5 5 5 5 5 5 5 5 5 5 7 7 7 7 7 7 7 7 7 7 10 10 10 10 10 10 10 10 10 10 
5 5 5 5 5 5 5 5 5 5 5 5 5 5 5 7 7 7 7 7 7 7 7 7 7 10 10 10 10 10 10 10 10 10 10 
5 5 5 5 5 5 5 5 5 5 5 5 5 5 5 7 7 7 7 7 7 7 7 7 7 10 10 10 10 10 10 10 10 10 10 
5 5 5 5 5 5 5 5 5 5 5 5 5 5 5 7 7 7 7 7 7 7 7 7 7 10 10 10 10 10 10 10 10 10 10 
5 5 5 5 5 5 5 5 5 5 5 5 5 5 5 7 7 7 7 7 7 7 7 7 7 10 10 10 10 10 10 10 10 10 10 
5 5 5 5 5 5 5 5 5 5 5 5 5 5 5 7 7 7 7 7 7 7 7 7 7 10 10 10 10 10 10 10 10 10 10 
6 6 6 6 6 6 6 6 6 6 6 6 6 6 6 8 8 8 8 8 8 8 8 8 8 11 11 11 11 11 11 11 11 11 11 
6 6 6 6 6 6 6 6 6 6 6 6 6 6 6 8 8 8 8 8 8 8 8 8 8 11 11 11 11 11 11 11 11 11 11 
6 6 6 6 6 6 6 6 6 6 6 6 6 6 6 8 8 8 8 8 8 8 8 8 8 11 11 11 11 11 11 11 11 11 11 
6 6 6 6 6 6 6 6 6 6 6 6 6 6 6 8 8 8 8 8 8 8 8 8 8 11 11 11 11 11 11 11 11 11 11 
6 6 6 6 6 6 6 6 6 6 6 6 6 6 6 8 8 8 8 8 8 8 8 8 8 11 11 11 11 11 11 11 11 11 11 
FAILED AT 22 19 !!!!
2 4 5 6 7 8 9 10 11 
FAILED AT 22 19 with col 7
FAILED AT 22 20 !!!!
2 4 5 6 7 8 9 10 11 
FAILED AT 22 20 with col 7
FAILED AT 23 18 !!!!
2 4 5 6 7 8 9 10 11 
FAILED AT 23 18 with col 7
FAILED AT 23 19 !!!!
2 4 5 6 7 8 9 10 11 
FAILED AT 23 19 with col 7
FAILED AT 23 20 !!!!
2 4 5 6 7 8 9 10 11 
FAILED AT 23 20 with col 7
FAILED AT 23 21 !!!!
2 4 5 6 7 8 9 10 11 
FAILED AT 23 21 with col 7
FAILED AT 24 17 !!!!
2 4 5 6 7 8 9 10 11 
FAILED AT 24 17 with col 7
FAILED AT 24 18 !!!!
2 4 5 6 7 8 9 10 11 
FAILED AT 24 18 with col 7
FAILED AT 24 19 !!!!
2 4 5 6 7 8 9 10 11 
FAILED AT 24 19 with col 7
FAILED AT 24 20 !!!!
2 4 5 6 7 8 9 10 11 
FAILED AT 24 20 with col 7
FAILED AT 24 21 !!!!
2 4 5 6 7 8 9 10 11 
FAILED AT 24 21 with col 7
FAILED AT 24 22 !!!!
2 4 5 6 7 8 9 10 11 
FAILED AT 24 22 with col 7
