91 299
73 77 64 99 91 98 52 11 88 12 59 65 60 30 72 60 68 38 60 24 78 66 76 88 18 23 100 20 59 90 70 83 18 34 81 9 83 85 71 22 96 29 38 55 11 10 66 30 47 25 53 76 42 80 64 59 2 63 30 12 4 100 94 22 85 27 82 67 11 52 40 58 32 77 65 94 86 30 23 84 7 28 60 48 59 23 59 13 37 88 24 
40 39 70 13 23 96 94 41 58 45 80 15 29 57 79 22 94 61 97 78 19 76 89 18 34 63 76 46 99 16 22 38 54 91 51 77 86 96 69 43 93 49 9 21 57 40 42 50 100 90 79 70 65 67 87 51 29 63 96 79 78 17 17 83 7 19 11 44 66 80 86 58 80 95 78 36 34 72 85 85 13 16 6 78 34 92 28 63 6 75 93 
3 2 68
1 52 64 28
1 26 81 83
1 15 55 32
1 52 90 10
2 57 86 55
3 53 79
1 35 60 50
1 19 25 25
3 76 80
1 15 69 98
2 41 42 2
1 62 86 38
1 31 91 45
2 1 43 18
1 14 78 24
2 29 32 18
1 66 67 9
3 6 21
1 11 61 78
2 18 31 54
1 31 65 63
1 28 69 46
3 18 82
3 43 77
3 29 70
1 58 64 37
3 22 47
3 28 71
2 51 59 49
2 52 67 90
3 41 57
1 58 66 90
2 27 63 83
2 6 78 21
2 46 64 96
2 21 82 57
3 5 71
1 18 56 8
2 29 39 32
2 15 57 75
2 67 77 69
3 35 54
2 30 80 55
2 5 73 44
1 54 87 5
3 14 79
2 58 81 97
2 34 79 29
3 3 14
1 53 70 27
2 22 84 1
1 18 26 52
2 2 36 60
3 15 51
1 17 91 71
1 30 40 65
3 31 65
2 6 51 91
2 16 54 42
2 51 86 26
1 52 74 38
2 68 73 71
2 30 86 53
1 46 78 68
2 5 39 62
1 10 72 7
2 87 88 39
2 41 83 35
3 25 55
1 36 55 60
3 73 85
3 53 59
3 12 29
1 33 51 12
1 31 83 82
1 2 79 71
3 6 42
3 5 84
3 4 11
1 47 58 33
3 19 79
3 47 53
3 12 43
3 6 48
2 79 86 95
2 30 56 52
2 24 52 98
1 18 55 87
1 60 75 1
2 10 54 26
1 43 90 15
2 4 9 95
2 17 89 81
3 32 35
3 58 83
3 47 59
1 8 73 59
3 50 66
1 28 60 80
2 22 24 73
3 28 77
2 2 25 82
3 4 90
3 56 86
2 4 78 11
1 40 89 50
2 47 78 88
1 12 38 8
2 29 29 24
1 13 54 90
3 27 30
3 45 86
1 20 35 92
2 28 83 44
3 5 66
3 9 43
1 9 42 32
1 70 86 40
3 7 9
2 38 87 65
1 13 86 45
3 19 44
3 10 63
3 15 91
3 42 77
3 46 86
3 49 78
1 25 72 22
1 17 74 37
2 76 82 10
3 1 20
2 1 11 83
2 79 90 56
2 3 58 76
1 32 45 70
1 57 70 48
1 12 49 8
1 39 50 62
3 21 75
2 21 48 34
3 6 35
1 25 62 25
2 73 82 35
3 33 59
2 8 73 34
2 24 30 55
3 7 48
2 45 56 59
3 12 63
3 31 83
1 29 55 65
1 32 73 28
1 27 90 83
3 2 86
2 19 32 49
2 42 70 51
2 66 87 59
2 24 48 74
2 59 78 6
2 20 40 21
3 27 72
1 15 76 73
2 3 68 24
1 1 72 34
2 67 88 37
2 2 7 5
2 13 80 71
2 16 45 100
2 18 26 24
2 2 49 18
2 66 80 70
1 12 30 5
1 8 41 81
1 6 81 5
2 3 57 21
1 12 48 52
3 30 60
2 31 72 6
3 23 36
3 45 65
1 16 32 38
3 19 67
1 57 87 32
1 18 89 44
3 12 30
3 22 35
2 15 52 9
2 11 37 56
3 34 38
2 32 39 57
3 57 66
3 15 63
1 13 80 66
3 40 72
3 2 37
1 17 51 31
3 50 89
1 57 89 52
3 30 62
1 54 81 43
1 59 65 36
2 7 16 37
2 4 9 35
2 14 52 24
2 5 72 50
2 37 70 66
2 3 62 12
2 47 54 73
2 7 27 20
2 13 62 21
1 53 66 72
1 29 88 5
2 45 68 27
2 22 24 86
1 33 78 97
2 63 86 63
2 18 70 2
1 43 80 67
3 4 4
3 1 33
3 28 68
1 34 44 87
1 56 79 16
1 54 90 46
2 16 25 68
3 10 58
3 63 75
2 42 67 97
3 5 82
2 13 72 44
1 20 65 52
2 69 86 5
3 23 26
2 24 41 43
3 53 87
2 25 71 68
2 32 39 83
3 22 46
2 3 9 64
2 24 74 83
1 23 91 70
1 6 18 17
1 27 29 50
3 60 80
1 43 81 88
3 71 73
3 36 39
1 25 65 53
1 34 72 89
3 41 53
2 21 34 38
2 55 60 85
3 6 49
1 74 87 86
2 39 53 39
1 3 23 22
1 14 58 30
3 1 38
2 14 58 47
2 15 16 12
3 5 36
2 1 85 5
1 42 61 43
1 1 12 60
3 1 53
2 62 77 80
3 20 22
3 66 88
1 80 81 80
2 9 79 89
3 72 89
3 40 60
3 3 71
1 44 71 65
1 57 67 17
2 43 49 96
2 17 40 74
1 21 71 50
3 13 67
3 10 16
3 33 56
3 8 12
2 13 46 43
2 32 79 5
1 64 75 87
2 12 80 37
1 9 86 50
3 21 29
1 33 36 18
2 3 41 83
1 74 86 50
2 24 74 14
1 57 63 23
3 35 52
1 29 37 41
3 16 63
3 50 61
2 24 78 81
