199762
440242
89589
166882
2715280
1392077
1901715
1149613
2010779
1171108
8754650
4479496
13894760
128771
8272829
13788279
15406847
1996161
5006360
3932164
13407304
36437968
358672
34905299
5508922
13629720
17098202
3848470
14146445
14067931
17311922
47139465
56118393
17367435
3429487
36892960
60121481
29052332
280619
30353166
62397565
75704810
44738998
42167225
35248488
4515665
78600637
24485178
49889565
50331626
77959417
77002183
103792093
91083508
87885085
34882186
52564654
121314981
29203017
35112370
16236824
20549571
125270372
83891993
57989426
64017672
101857571
112812
49542431
145306239
147733659
30985375
206168633
10552181
81826087
99296013
56571043
7603089
20764064
69281517
145849342
89992332
80371905
178298118
7539150
43430603
23895360
121072741
268835851
265563653
5737383
148790619
2315818
35538251
120835550
265227026
73578577
