0 0: 1
0 1: 1
1 0: 2
1 1: 1
2 0: 1
2 1: 3
3 0: 1
3 1: 1
4 0: 2
4 1: 1
0: 0 1 2 3 4 
0 -19 -19 -19 -19 -19 -19 -19 -19 -19 -19 -19 -19 -19 -19 -19 -19 -19 -19 -19 -19 -19 -19 -19 -19 -19 
0 -17 -17 -17 -17 -17 -17 -17 -17 -17 -17 -17 -17 -17 -17 -17 -17 -17 -17 -17 -17 -17 -17 -17 -17 -17 
-17 0 -20 -20 -20 -20 -20 -20 -20 -20 -20 -20 -20 -20 -20 -20 -20 -20 -20 -20 -20 -20 -20 -20 -20 -20 
0 -25 -25 -25 -25 -25 -25 -25 -25 -25 -25 -25 -25 -25 -25 -25 -25 -25 -25 -25 -25 -25 -25 -25 -25 -25 
0 -34 -34 -34 -34 -34 -34 -34 -34 -34 -34 -34 -34 -34 -34 -34 -34 -34 -34 -34 -34 -34 -34 -34 -34 -34 
aabaa
