100
1616 875376 6
1516 476245 5
100000 1000000000000000000 3
2789 205886 5
3286 977701 4
7597 115191 5
121 121 11
2965 769993 4
2684 313879 3
5230 55195 9
6673 645665 9
5759 165757 6
121 131 1
8145 485026 9
9385 146808 1
8989 909410 5
7977 626769 9
0 100 2
7998 968182 1
0 1000000000000000000 1000000000
2871 611476 1
5272 393026 2
1363 123520 8
5541 34105 7
3568 887100 8
1396 974496 5
8129 512819 4
3127 909969 3
3976 759716 7
0 1000000000000000000 1
1000000000 1000000000000000000 1
646 753992 3
3901 458931 4
8135 346033 4
490 499674 1
121 132 1
2519 171840 3
8483 164651 3
4370 274443 1
9151 163110 6
6916 519450 6
3459 893118 8
9412 458712 2
4401 792858 5
332 539995 7
1056 45030 4
2428 914457 2
701 837097 8
9929 160753 4
378 659223 5
5630 555906 6
10 22322 2
8984 321196 7
2433 588437 7
9523 81976 5
5303 577653 4
2035 587687 6
2590 45700 5
5579 763362 2
4766 385349 3
4131 988357 1
3491 376189 1
1813 539974 3
7558 716225 8
4609 64949 8
5992 237133 9
1551 635917 7
22322 22322 1
9332 549970 6
7243 39232 6
8892 186601 5
5811 811662 1
999 99999 78788
39 1000000 3
400 793131 4
1002 914907 8
6574 530230 2
0 132 1
4945 279540 7
5649 246089 1
886 56750 8
8764 690922 4
258 978067 6
573 319349 5
852 514597 2
3376 156586 6
34432 9999920 222
21345 4441283 13
9481 668314 4
2228 961000 6
3748 207521 4
1209 371972 7
6153 882984 8
3825 934105 6
9352 507517 9
3725 832955 1
1405 52064 3
6311 744038 5
2851 217912 4
9628 221919 9
